,book_title,author_name,book_location,topic_1,topic_2,topic_3,topic_4,topic_5,topic_6,topic_7,topic_8,topic_9,topic_10,topic_11,topic_12,topic_13,topic_14,topic_15
0,Behind the Beyond,Stephen Leacock,../data/gutenberg/Stephen Leacock___Behind the Beyond.txt,0.024503391050182743,1.3825554959016277e-05,1.3825562738289891e-05,0.019455514323996007,0.004147379730624271,1.382556029663648e-05,1.3825559477104592e-05,0.18863356385260696,0.1999645447276081,1.382556176329912e-05,1.3825553227958143e-05,1.3825557142356237e-05,1.382555693610018e-05,0.2893269262593749,0.2738580755890661
1,Tommy and Co,Jerome Klapka Jerome,../data/gutenberg/Jerome Klapka Jerome___Tommy and Co.txt,0.12208194189654831,6.9444615762229904e-06,0.3035330188280587,0.012188405284659266,6.944462858063017e-06,6.944460914612117e-06,0.0130005037672601,0.06653852149472185,0.12266721677962941,6.944459523790929e-06,6.944462587201657e-06,6.944463925687394e-06,0.123463293825126,0.23647848688806225,6.944464548639955e-06
2,Winsome Winnie and other New Nonsense Novels,Stephen Leacock,../data/gutenberg/Stephen Leacock___Winsome Winnie and other New Nonsense Novels.txt,0.20149631235712082,0.08734645830253061,0.02998527699093225,0.027773939739514798,9.835767616815824e-06,0.0229216108987923,0.0021988221396836345,0.1374144718030934,0.34114191785971426,0.018526119208838464,0.009753051158549252,0.05202004478249738,9.835770298742814e-06,0.06841828770432024,0.000984015516496821
3,The Moccasin Ranch,Hamlin Garland,../data/gutenberg/Hamlin Garland___The Moccasin Ranch.txt,1.9671527678560937e-05,1.9671540054212473e-05,0.007361553057790895,1.9671539325800286e-05,1.967154015576906e-05,0.2817864391671417,1.967154009068981e-05,1.9671542917714707e-05,0.2642656504040787,0.15295051886945554,1.967153455773073e-05,1.9671547638948138e-05,0.08651301657772767,0.20694577807958953,1.967153179665806e-05
4,Three Ghost Stories,Charles Dickens,../data/gutenberg/Charles Dickens___Three Ghost Stories.txt,2.0226594800838942e-05,0.0699235215364693,0.03068967252161634,0.03600165708840963,2.0226593189591938e-05,2.0226598366792166e-05,0.05982532369247095,0.018630472104213428,0.1223078878707446,2.0226596149983486e-05,0.031032678857011154,2.0226592513106947e-05,0.39818178782531694,0.0039139790537981965,0.2293918864749291
5,The Man with Two Left Feet,P G Wodehouse,../data/gutenberg/P G Wodehouse___The Man with Two Left Feet.txt,0.08423673571418999,0.00445127811744113,0.058969898067424045,2.0962617079696857e-05,6.337151841129902e-06,0.02353638374086812,0.013348694993912147,0.07364890703363662,0.2868377995893828,6.337153733677792e-06,6.337152186325049e-06,0.002402803650876477,0.005372676217448286,0.4471485116471585,6.337152821075129e-06
6,"Essays: Scientific, Political, & Speculative, Volume I",Herbert Spencer,"../data/gutenberg/Herbert Spencer___Essays: Scientific, Political, & Speculative, Volume I.txt",1.828140994145114e-06,1.8281411867589411e-06,1.828140904460977e-06,0.11858354886871371,0.0002483807706371752,1.828140920514006e-06,0.8662033928150498,0.014944567991556716,1.8281419103715054e-06,1.8281418401139582e-06,1.8281418240578494e-06,1.828141005924414e-06,1.8281414896406923e-06,1.828140594106404e-06,1.8281413725851872e-06
7,The Lady of the Aroostook,William Dean Howells,../data/gutenberg/William Dean Howells___The Lady of the Aroostook.txt,6.34257769402607e-06,0.17703417673498234,0.08615178236361344,6.342577536940512e-06,6.342577716925926e-06,6.342579062152796e-06,6.342579423106204e-06,0.20388940720466292,0.16779055501493503,6.342579497552768e-06,6.342578456519717e-06,6.34257827579318e-06,0.23389361136390002,0.1307129498617219,0.0004767768285213674
8,Tarzan the Untamed,Edgar Rice Burroughs,../data/gutenberg/Edgar Rice Burroughs___Tarzan the Untamed.txt,3.337678549824434e-06,3.3376813123595856e-06,3.337678408863919e-06,3.3376809658062497e-06,3.3376799293272293e-06,0.5517159697609304,0.052101395281559625,3.3376813289863926e-06,0.18130270805563412,0.016238403574265002,0.04966225058285146,0.14894923362425042,3.337680620455909e-06,3.3376781077066535e-06,3.3376812855576607e-06
9,Diary of a Pilgrimage,Jerome Klapka Jerome,../data/gutenberg/Jerome Klapka Jerome___Diary of a Pilgrimage.txt,0.005204817117041965,0.03066275014939255,1.0085756107663665e-05,0.04749420138030086,1.0085757414077308e-05,1.0085755923165345e-05,0.004227227084614531,0.13013583557068964,0.0966726327617248,1.008575759289613e-05,1.0085755848819334e-05,0.00028554552464090657,0.04027489537718665,0.21220066436742607,0.43279100188409536
10,Rinkitink in Oz,Lyman Frank Baum,../data/gutenberg/Lyman Frank Baum___Rinkitink in Oz.txt,7.977361843535781e-06,0.14365944398710187,7.977364799082347e-06,7.977362749987736e-06,7.97736175756458e-06,0.3263997792540355,7.97736269554644e-06,7.977362770111732e-06,7.97736520793714e-06,7.97736471531182e-06,0.37232523617665,0.004120903102371633,7.977364241053719e-06,0.12610382904954479,0.02731901215951592
11,The Great Keinplatz Experiment and Other Tales of Twilight and the Unseen,Sir Arthur Conan Doyle,../data/gutenberg/Sir Arthur Conan Doyle___The Great Keinplatz Experiment and Other Tales of Twilight and the Unseen.txt,0.062142243784640554,0.10153933902140817,0.0029115598839134886,0.0031770840868016468,0.0005848296649383875,0.034183299768153895,0.05835662894616017,0.0494435566629888,0.4256796108093541,6.14384482613499e-06,0.10640272006244995,0.0007730703901096046,0.009123927856313649,0.044655396078162164,0.1010205891397792
12,On the Origin of Species by Means of Natural Selection or the Preservation of Favoured Races in the Struggle for Life. (2nd edition),Charles Darwin,../data/gutenberg/Charles Darwin___On the Origin of Species by Means of Natural Selection or the Preservation of Favoured Races in the Struggle for Life. (2nd edition).txt,1.8747684192292405e-06,1.8747688905239613e-06,1.8747681026762984e-06,1.8747692357889736e-06,1.8747681722561781e-06,1.874768502964231e-06,0.9999737532396521,1.8747684956764708e-06,1.874768312745114e-06,1.8747693748766362e-06,1.874768679636306e-06,1.8747693388884588e-06,1.8747684056536427e-06,1.8747679139955225e-06,1.8747685027688481e-06
13,Is Shakespeare Dead?,Mark Twain,../data/gutenberg/Mark Twain___Is Shakespeare Dead?.txt,0.047686068341390345,0.07132205992343295,0.0034148913102453613,0.3002777795067115,0.06181244377747049,0.022031330093713976,0.030631935381352407,0.39053841756000957,1.6103100998988122e-05,1.6103105906600816e-05,1.6103099844484183e-05,0.005152803666828764,1.6103100810452107e-05,0.06705175492714067,1.6103104143304408e-05
14,The Irrational Knot,George Bernard Shaw,../data/gutenberg/George Bernard Shaw___The Irrational Knot.txt,0.15858110224274566,3.925042919680598e-06,0.0012338433975861787,0.06712964399187829,0.02107011967850417,3.925041284889763e-06,6.012048143187986e-05,0.06730986486911712,0.1542512786318269,3.925041354607128e-06,6.679174642725572e-05,3.925041803629229e-06,0.4354953958329601,0.09379620955951487,0.0009899294006447353
15,A Garland for Girls,Louisa May Alcott,../data/gutenberg/Louisa May Alcott___A Garland for Girls.txt,0.0001059133818228282,0.026698832446618373,0.42168460997505675,5.55279007359949e-06,0.05409637655086679,5.552793217642945e-06,5.552789302561663e-06,0.048232795912195224,0.006269315580020617,0.013431202802017749,5.5527933570031e-06,5.552793616454408e-06,0.1500489070145414,0.25474653426205685,0.02465774811523617
16,Mercedes of Castile,James Fenimore Cooper,../data/gutenberg/James Fenimore Cooper___Mercedes of Castile.txt,1.773195332711309e-06,0.14539310165927363,1.7731944794460257e-06,0.12166875250922264,0.013117802755063699,1.7731942051773442e-06,0.021961085335931396,0.014327906735348207,1.7731950939345216e-06,0.03679059223359419,0.6326915291936376,1.7731953010310152e-06,0.014036817213756311,1.7731949627601682e-06,1.7731947972809033e-06
17,The Hermits,Charles Kingsley,../data/gutenberg/Charles Kingsley___The Hermits.txt,3.9121439159451e-06,0.007309462176218859,3.912142188594746e-06,0.037417517923529056,0.5558043866731148,3.912143691512837e-06,0.002998343374266421,3.912143907598762e-06,3.912142908253522e-06,0.052425166860601606,0.24844430708860152,0.0027245828235176236,3.912143757361323e-06,3.912142137394161e-06,0.09284884807764339
18,Prince Ricardo of Pantouflia,Andrew Lang,../data/gutenberg/Andrew Lang___Prince Ricardo of Pantouflia.txt,0.1245105982569311,1.672104793613438e-05,0.0005607456096534095,1.6721050715555976e-05,1.6721057996356003e-05,0.29117881324864364,1.672105928021157e-05,0.02871107142517985,1.672105792872993e-05,1.6721046878562777e-05,0.28268075587154595,1.6721049510126072e-05,1.6721057536864868e-05,0.03681982347250387,0.23540442368775968
19,"The Hall of Fantasy (From ""Mosses From An Old Manse"")",Nathaniel Hawthorne,"../data/gutenberg/Nathaniel Hawthorne___The Hall of Fantasy (From ""Mosses From An Old Manse"").txt",6.781972048930963e-05,6.781976777803177e-05,6.781974412353053e-05,0.03154340149941817,0.1097638837886785,6.78197436061267e-05,0.07482187928372656,0.6389164695675934,0.03287178243259449,6.781978417175399e-05,0.03341145048402832,6.781973555470285e-05,6.781978176833947e-05,6.78197251209594e-05,0.07812857494134795
20,From Twice Told Tales,Nathaniel Hawthorne,../data/gutenberg/Nathaniel Hawthorne___From Twice Told Tales.txt,3.4581828024922315e-06,3.4581824523836967e-06,0.0589687277466952,0.017401119993533973,0.02237189487476866,3.4581816297561386e-06,0.006619110299307644,0.1727196082086671,0.05903639040721407,0.04970442432194503,0.4647529945920744,0.0025565046993502954,0.009952368639521496,0.009185569945651024,0.12672091172438663
21,Biographia Literaria,Samuel Taylor Coleridge,../data/gutenberg/Samuel Taylor Coleridge___Biographia Literaria.txt,2.2621938959427922e-06,0.013319411431319069,2.262193622689342e-06,0.302494379088396,0.2653736547044228,2.2621931760229435e-06,0.1348112879258683,0.279839509290277,2.262193367949349e-06,2.262193400677204e-06,2.2621937878117487e-06,2.262193146607324e-06,0.004141397818748908,2.262193334423715e-06,2.262193235871518e-06
22,They of the High Trails,Hamlin Garland,../data/gutenberg/Hamlin Garland___They of the High Trails.txt,3.835837129233962e-06,3.835835920367796e-06,0.07483193916719771,0.017227598053235916,3.8358366299429674e-06,0.42598968953099575,0.0010349623376538755,0.0067765626680921865,0.3141625280759749,0.01815361223271113,0.010809419962603676,0.018770249356448852,0.09317892630923238,0.01904916895993642,3.835836237659319e-06
23,The Crime of the Congo,Sir Arthur Conan Doyle,../data/gutenberg/Sir Arthur Conan Doyle___The Crime of the Congo.txt,6.661354405334193e-06,6.661354594321516e-06,6.661351872737905e-06,0.5735912233543355,6.661352815229883e-06,6.6613566396306595e-06,6.661355942334931e-06,6.661355211193484e-06,0.04173327470820581,0.10546783274828055,6.6613544036377135e-06,0.26159046138018927,6.661354608240963e-06,6.6613553365514964e-06,0.01755059426315961
24,King Solomon's Mines,Henry Rider Haggard,../data/gutenberg/Henry Rider Haggard___King Solomon's Mines.txt,5.203062012721992e-06,0.027810056067371736,5.203061063251398e-06,5.203060984562377e-06,0.03772473531779334,0.30981238262133975,0.034816289499824585,5.203063729170379e-06,0.08049979751200476,0.017115721521927016,0.26207635014090236,0.09376767050500656,5.203062273476471e-06,5.203061732556575e-06,0.1363457784420342
25,The Doctor's Dilemma,George Bernard Shaw,../data/gutenberg/George Bernard Shaw___The Doctor's Dilemma.txt,0.27192950086292467,1.333336790077891e-05,1.3333369754502369e-05,0.011917243317141174,0.008394906201275138,1.3333369424336732e-05,0.016693118412637403,0.11651730602053272,0.0378014377355784,1.333336621748303e-05,1.3333367743301106e-05,1.3333362406749015e-05,0.421181025050304,0.11425745986355793,0.0012280023326013032
26,The Kingdom of the Blind,Edward Phillips Oppenheim,../data/gutenberg/Edward Phillips Oppenheim___The Kingdom of the Blind.txt,0.08080609255572253,0.0749705224121923,5.938078960214407e-06,5.938082811045501e-06,5.938077652781192e-06,5.9380793641312554e-06,5.938081635473321e-06,5.938081707815462e-06,0.6877702538877911,5.938077759779536e-06,5.938078112311074e-06,0.1453984490027889,0.007448268723472344,0.0035529706991526814,5.938080876859649e-06
27,A Miscellany of Men,G K Chesterton,../data/gutenberg/G K Chesterton___A Miscellany of Men.txt,0.015654783397006836,6.599370807615041e-06,0.0003410734003528233,0.25283779709017506,0.07127340749997912,0.0002652484437220782,0.03827831519781642,0.3289638819647457,0.0946077978138437,0.0062919118203782,6.599371314164731e-06,6.599371176391185e-06,6.599369082250359e-06,0.02340217338795674,0.16805721250164282
28,Amos Kilbright; His Adscititious Experiences,Frank Richard Stockton,../data/gutenberg/Frank Richard Stockton___Amos Kilbright; His Adscititious Experiences.txt,1.5378742780574204e-05,0.0210943266200119,0.3163724227576054,0.14546982203315745,1.537873567709873e-05,0.03828989446512923,0.030012224398712692,0.019563722559090887,1.5378738791067467e-05,0.0891033224299487,1.5378738028683286e-05,1.5378736286451795e-05,0.04017551518341501,0.2998264771233398,1.5378738025251742e-05
29,"Prize Money, Sailor's Knots, Part 10",William Wymark Jacobs,"../data/gutenberg/William Wymark Jacobs___Prize Money, Sailor's Knots, Part 10.txt",8.271320437156014e-05,8.271315659240708e-05,0.44492334059352834,8.27130650461588e-05,8.271307961752769e-05,0.3046478897407779,8.271305977150383e-05,8.27130560311368e-05,8.271309072272272e-05,8.27130746944728e-05,8.271313580693699e-05,8.27131365569344e-05,8.271311542682862e-05,0.24943621234265406,8.271314840169635e-05
30,Leo the Circus Boy,Edward Stratemeyer,../data/gutenberg/Edward Stratemeyer___Leo the Circus Boy.txt,0.026630089866686767,0.001370135802010901,0.007395611944286553,0.02909597651540052,9.192888211307846e-06,0.7270258425508233,0.004009701615270317,0.0017971857432531222,9.192890261491526e-06,9.192888513647412e-06,9.192890065398908e-06,0.01798450494230807,0.00019760232809142632,0.18444738424225657,9.19289256073889e-06
31,Tik-Tok of Oz,Lyman Frank Baum,../data/gutenberg/Lyman Frank Baum___Tik-Tok of Oz.txt,7.827498475414145e-06,7.827501159066018e-06,7.827501504281934e-06,7.827499876769699e-06,7.827501322739435e-06,0.37675696177602847,0.0075280151709912905,7.827501080427559e-06,0.003941201109743958,7.82749941299158e-06,0.19367065648356022,0.07652591193257388,7.827501272780634e-06,0.32035668614499807,0.021157947377999586
32,The Great War Syndicate,Frank Richard Stockton,../data/gutenberg/Frank Richard Stockton___The Great War Syndicate.txt,8.419648277067434e-06,0.621824286719862,8.419644475170974e-06,0.10223210103443753,8.419646031832663e-06,8.419652027604145e-06,0.018514860072414423,8.419652234596729e-06,8.419658299893995e-06,8.419654319287114e-06,8.419650061809763e-06,0.2573361360166846,8.419649558124983e-06,8.419650282059207e-06,8.419651034103924e-06
33,The People of the Abyss,Jack London,../data/gutenberg/Jack London___The People of the Abyss.txt,0.004566027208918447,0.04434696962156836,0.030060479852981836,0.19977062049606414,0.01281198837124101,0.07207149297046252,0.027462741027182356,5.658844750707379e-06,0.12308085508093997,0.006806798540705377,5.658845111634591e-06,0.011473818710491327,5.658843775308143e-06,0.23204424664961065,0.23548698493619644
34,Heartbreak House,George Bernard Shaw,../data/gutenberg/George Bernard Shaw___Heartbreak House.txt,0.001710423794103738,0.10080568107321945,8.548125697888935e-06,0.14385620705116892,0.021137395606055605,8.548126829109862e-06,8.548129251993304e-06,0.11978671884083932,0.045192143405292394,8.54812484468e-06,8.548127405622322e-06,0.03191453366714376,0.1823469955098053,0.3528846688918507,0.00032249152649160785
35,Maxims for Revolutionists,George Bernard Shaw,../data/gutenberg/George Bernard Shaw___Maxims for Revolutionists.txt,0.07736976351571317,7.824744395051795e-05,7.824746653868333e-05,0.7211918732760474,0.06277563824218499,7.824746541196778e-05,0.015941414853329117,0.09688810210444623,7.824747164709174e-05,7.824745322959844e-05,7.824745990161046e-05,7.824748495473843e-05,7.824747184370526e-05,7.824750494001235e-05,0.0251289807858614
36,The Duenna,Richard Brinsley Sheridan,../data/gutenberg/Richard Brinsley Sheridan___The Duenna.txt,0.1810320409970165,2.5849867703790742e-05,0.10084455561518003,2.584985764635396e-05,0.214986544580302,2.5849860769939276e-05,2.5849846629298117e-05,2.5849864487847307e-05,2.584986695542591e-05,2.5849860039040645e-05,0.33790711912094656,2.5849862391186294e-05,0.1649712410404169,2.584988976722349e-05,2.5849869747922652e-05
37,Battle-Pieces and Aspects of the War,Herman Melville,../data/gutenberg/Herman Melville___Battle-Pieces and Aspects of the War.txt,8.418589189708644e-06,0.0349737575143701,8.418593319886003e-06,0.006145890079131731,0.37426901793965683,0.07728043732368804,8.418591648598376e-06,0.009964137544827242,0.07470353614995826,0.11021281391662002,0.09419829899780685,0.21704746652185955,8.418590840308361e-06,8.418593318880998e-06,0.0011625510537639622
38,His Majesties Declaration Defended,John Dryden,../data/gutenberg/John Dryden___His Majesties Declaration Defended.txt,0.15370079127888786,2.6925207890168693e-05,2.6925203570216616e-05,0.7237161130218679,0.08552584978297201,2.6925204109755255e-05,2.692519999019179e-05,2.6925212422002535e-05,2.6925202440476587e-05,2.6925204649514522e-05,0.03676106864585991,2.6925210499539742e-05,2.692521534111153e-05,2.6925208860015136e-05,2.6925200639658425e-05
39,The Rivals,Richard Brinsley Sheridan,../data/gutenberg/Richard Brinsley Sheridan___The Rivals.txt,0.6609296284297899,0.006858368305601171,0.009664506309453898,1.1824555508229943e-05,0.101228159516154,1.1824551858950878e-05,1.1824552032557242e-05,1.182455351019058e-05,1.1824552400052311e-05,1.1824550068087212e-05,0.033235377100305545,1.1824553548808047e-05,0.14717340235656998,0.04081596156435156,1.1824548847157407e-05
40,The God of His Fathers,Jack London,../data/gutenberg/Jack London___The God of His Fathers.txt,0.006192366891723422,0.05233413360777167,0.018071471308731046,0.012601832414597195,0.03932379794601453,0.5428263061022323,0.00905472238679348,0.006200029631753962,0.18949923005995026,0.09523388449759897,0.016999342932432403,6.876415383886837e-06,0.0021916287535612977,0.009457500635121673,6.876416334185612e-06
41,The Red Room,Herbert George Wells,../data/gutenberg/Herbert George Wells___The Red Room.txt,0.01065615383667811,0.00010384247889139243,0.00010384239928215283,0.0001038424031413803,0.00010384244752992822,0.00010384240251721142,0.00010384251017013811,0.00010384242321339551,0.8576929825132072,0.00010384242692538819,0.029555510392142697,0.00010384239935693927,0.00010384244522882291,0.00010384238342477016,0.10095308653829037
42,"The Prose Works of Jonathan Swift, D.D., Volume 10",Jonathan Swift,"../data/gutenberg/Jonathan Swift___The Prose Works of Jonathan Swift, D.D., Volume 10.txt",0.264309033791793,2.1554085223996678e-06,2.155407520402936e-06,0.5978589713443061,2.1554106502558434e-06,2.155407725786065e-06,2.1554085427965816e-06,2.1554090854927377e-06,2.1554083983767487e-06,2.1554084277641147e-06,0.08542928108787386,0.052379004281428304,2.1554089312014215e-06,2.1554077386318214e-06,2.1554090557442113e-06
43,The Jerusalem Sinner Saved,John Bunyan,../data/gutenberg/John Bunyan___The Jerusalem Sinner Saved.txt,9.971113285275774e-06,9.971111019141932e-06,9.971111227649268e-06,0.02156793559346667,0.9670698826813583,9.971108035701606e-06,9.971104587808093e-06,9.971101943033315e-06,9.971105713726987e-06,9.971103940366854e-06,0.011242528414997309,9.971116185021304e-06,9.971113804676118e-06,9.971113526820677e-06,9.971106908409522e-06
44,The Adventures of Grandfather Frog,Thornton Waldo Burgess,../data/gutenberg/Thornton Waldo Burgess___The Adventures of Grandfather Frog.txt,2.2031306219337765e-05,2.2031313060462573e-05,0.9996915616210997,2.203129593274773e-05,2.2031305273791675e-05,2.2031380199757016e-05,2.2031303059719785e-05,2.203130097894784e-05,2.2031317654042044e-05,2.2031313560488785e-05,2.2031306255622045e-05,2.203130283020094e-05,2.203130773479052e-05,2.2031318582939814e-05,2.2031307557418318e-05
45,Lectures on Evolution,Thomas Henry Huxley,../data/gutenberg/Thomas Henry Huxley___Lectures on Evolution.txt,1.6758879399903942e-05,1.6758876424652613e-05,1.675886827181149e-05,0.025616700288574067,0.009329381276963257,1.675887212084194e-05,0.9648528119097468,1.6758884397303493e-05,1.6758875840768605e-05,1.67588814601807e-05,1.6758879122935474e-05,1.6758881816053216e-05,1.675887743764676e-05,1.6758866979375784e-05,1.6758881444360756e-05
46,The Woman Who Did,Grant Allen,../data/gutenberg/Grant Allen___The Woman Who Did.txt,0.040989561204276326,8.519721574463518e-06,0.07302280071570072,0.0772986708076311,0.10284406617127989,8.519723715102772e-06,0.009855584726832123,0.21220664434874134,0.21959992091019825,8.519724444684826e-06,8.519725779983273e-06,8.519723838308152e-06,0.2641231130477614,8.51972331477405e-06,8.519724911528875e-06
47,The Bickerstaff-Partridge Papers,Jonathan Swift,../data/gutenberg/Jonathan Swift___The Bickerstaff-Partridge Papers.txt,0.22126889517472034,0.0056186153933129555,0.014755471472244782,0.42252827719133657,0.2251628724878241,2.88226730294702e-05,0.015386441058722104,2.8822673256504637e-05,2.8822661929025e-05,2.8822672471183044e-05,0.09504884583748752,2.8822676072165542e-05,2.8822675190600678e-05,2.8822672945746473e-05,2.8822679456839424e-05
48,"History of Friedrich II of Prussia, Volume 17",Thomas Carlyle,"../data/gutenberg/Thomas Carlyle___History of Friedrich II of Prussia, Volume 17.txt",0.012416214761327211,8.720321741139913e-06,8.72031646176893e-06,0.0446824063386427,8.72031977708137e-06,8.720319845819427e-06,8.720322862163929e-06,0.47258555989658574,8.720318410558021e-06,8.720321575093598e-06,0.016075311104917597,0.434462299642387,8.720316968710962e-06,8.720317015713849e-06,0.019699725381481768
49,In a Hollow of the Hills,Bret Harte,../data/gutenberg/Bret Harte___In a Hollow of the Hills.txt,9.313608983653904e-06,9.31361347174654e-06,0.21929929185589545,0.0016393373004119655,9.313609359164245e-06,0.08042403091759662,0.0011123538892426315,9.313614756651967e-06,0.4121157822365841,0.13900986991646108,0.030522597270922214,0.004274054489540512,0.11154680045310399,9.313610084931146e-06,9.313613585175538e-06
50,The Trembling of the Veil,William Butler Yeats,../data/gutenberg/William Butler Yeats___The Trembling of the Veil.txt,0.1033463454217059,5.281380588029234e-06,5.281379264390753e-06,0.12188531747877694,0.11626258782802008,5.281379553760331e-06,0.015866024359637087,0.5041610449157127,0.0961244507732601,0.002629365620295486,5.281378544070818e-06,5.281378906768514e-06,5.281378472325712e-06,0.007426237969065272,0.03226693735819724
51,Letters of Ulysses S. Grant,Ulysses Grant,../data/gutenberg/Ulysses Grant___Letters of Ulysses S. Grant.txt,0.11630258931505474,1.2447128632118101e-05,0.002926044411377524,0.40611913381159975,0.006211451052414909,1.244713394585148e-05,1.2447129584211117e-05,1.2447136585740485e-05,1.2447129333406802e-05,0.022247177602051405,1.2447128666987995e-05,0.37474383835003067,0.0072518855658235595,0.06411074997096917,1.2447133929939877e-05
52,Dickens in Camp,Bret Harte,../data/gutenberg/Bret Harte___Dickens in Camp.txt,0.00016877692705305003,0.00016877672354952952,0.0001687768728534189,0.00016877677765205314,0.1535876282627338,0.00016877689926126282,0.0001687770273185091,0.5768514284591952,0.00016877683247755207,0.2675356212035127,0.00016877681152185531,0.00016877687865090893,0.00016877679080844508,0.0001687767688988494,0.00016877676451301202
53,Grandfather's Chair,Nathaniel Hawthorne,../data/gutenberg/Nathaniel Hawthorne___Grandfather's Chair.txt,0.05088427517862396,0.005305680639301819,0.117124500360569,0.1482223850067851,5.638264596658513e-06,5.638262511131724e-06,5.638262302048135e-06,0.06429716751542172,5.638263209188213e-06,0.07416892536839334,0.13436565443702983,0.20312345732363096,5.638263773005901e-06,5.638262564296026e-06,0.2024741245912881
54,Aunt Jane's Nieces Abroad,Lyman Frank Baum,../data/gutenberg/Lyman Frank Baum___Aunt Jane's Nieces Abroad.txt,0.0726296239701364,0.037914741589143694,5.859274543659298e-06,5.8592768809244864e-06,5.859273932618113e-06,0.009064212180356095,5.859277292555521e-06,0.04280534969076707,0.19701301967650817,0.014629460587942053,0.002240143322979482,0.06713600803974942,0.10476550874637532,0.30724936023164595,0.14452913486174648
55,A Likely Story,William Dean Howells,../data/gutenberg/William Dean Howells___A Likely Story.txt,0.3729944387851558,3.6710779328244515e-05,3.671082367206392e-05,3.67107953405796e-05,3.67108218682414e-05,3.671079087467249e-05,3.671079957407343e-05,0.19216872422881734,3.671080814210851e-05,0.05922331876779028,3.6710786961947e-05,3.67108041212217e-05,0.052775647751257815,0.3198820304080096,0.002625442849086065
56,Recollections of Europe,James Fenimore Cooper,../data/gutenberg/James Fenimore Cooper___Recollections of Europe.txt,0.07977926445077745,0.03520952906600665,2.867636313578319e-06,0.3335556080763185,2.8676367750115116e-06,2.867635979920373e-06,0.05828104127008327,0.11367475348440073,2.867637447374256e-06,0.0033758370359404516,2.8676382236769247e-06,0.061636389210501366,0.014760949119377318,2.867636421550871e-06,0.2997094224654331
57,The Adventures of Unc' Billy Possum,Thornton Waldo Burgess,../data/gutenberg/Thornton Waldo Burgess___The Adventures of Unc' Billy Possum.txt,2.4128381993961473e-05,2.4128395872496727e-05,0.9604159332885851,2.4128372591555265e-05,2.4128384654550704e-05,0.03927039766020115,2.4128379476022908e-05,2.412837894169516e-05,2.4128395618644473e-05,2.4128404120608264e-05,2.4128387219149384e-05,2.4128388680231582e-05,2.4128385000476043e-05,2.412841131954649e-05,2.4128385724769318e-05
58,Peter Ruff and the Double Four,Edward Phillips Oppenheim,../data/gutenberg/Edward Phillips Oppenheim___Peter Ruff and the Double Four.txt,0.16391463948651558,3.389782283355652e-06,0.10157607785770847,0.02711382860398776,3.389779624039097e-06,3.3897796401167093e-06,3.3897811605591586e-06,3.389782237381846e-06,0.6771560594452583,3.3897804067547364e-06,3.3897821427833813e-06,0.029480807597841316,0.0007280789785279364,3.3897808515672904e-06,3.3897818140938407e-06
59,The Awkward Age,Henry James,../data/gutenberg/Henry James___The Awkward Age.txt,3.7713885671660288e-06,3.7713885563408986e-06,3.7713886517324324e-06,3.771388313510223e-06,3.77138802228214e-06,3.7713880218344283e-06,0.008953772966535793,0.13838661150484852,0.1121282214710731,3.771387278446931e-06,3.7713875719254e-06,3.7713869373302157e-06,0.7404899087888873,3.771389426395732e-06,3.7713873083819912e-06
60,A Boy's Town,William Dean Howells,../data/gutenberg/William Dean Howells___A Boy's Town.txt,5.930687175473629e-06,0.016317011545398163,0.1240411161923911,0.04243015696105922,0.027966836582762014,0.27311641787782603,5.930685046579961e-06,0.18799214995798116,5.930685816672611e-06,0.13444195098639558,5.930685907275816e-06,0.005884723258514094,5.93068526312265e-06,0.08117013012928774,0.10660985307917574
61,Burke's Speech on Conciliation with America,Edmund Burke,../data/gutenberg/Edmund Burke___Burke's Speech on Conciliation with America.txt,8.935376507840652e-06,8.9353769687626e-06,8.935371019197072e-06,0.9568196395795041,0.03288152970219704,8.935369909412856e-06,8.93537484780791e-06,0.001964171354858762,8.93537298597699e-06,8.935378373588409e-06,0.008236370245603981,8.935376804371923e-06,8.935374739411932e-06,8.935370769058198e-06,8.935374910775016e-06
62,The Protector,Harold Bindloss,../data/gutenberg/Harold Bindloss___The Protector.txt,4.986674796096114e-06,0.17081195722351325,4.986674474862819e-06,0.0027103682322561053,4.986676224709054e-06,0.003957757027857655,4.986673865173281e-06,4.986671733791019e-06,0.647013987882216,0.12433558412470226,4.986675813221622e-06,4.98667428347898e-06,0.05112546544390652,4.986673016564206e-06,4.986671340369728e-06
63,The Mob,John Galsworthy,../data/gutenberg/John Galsworthy___The Mob.txt,0.060107702849963286,2.7964281238603483e-05,2.7964291364189562e-05,0.012957329242401184,0.020381867626311966,0.006324330574632561,2.79642567106499e-05,2.7964274484993367e-05,0.42422262772490593,0.02410670384994253,2.7964277856141204e-05,0.015617332909325099,0.0657703714325041,0.20433385694068404,0.16603805546767472
64,Castle Richmond,Anthony Trollope,../data/gutenberg/Anthony Trollope___Castle Richmond.txt,0.6935254126322247,2.6058027195711987e-06,0.04595335632435361,0.011042893486292128,0.009400286195862537,0.01489152006545535,0.0016553660206969794,2.605802127878056e-06,0.03242306467003952,2.605802681636909e-06,0.009708764634520068,2.6058013592429956e-06,0.1798674183024693,0.0015188886566969858,2.60580250066338e-06
65,Tancred,Benjamin Disraeli,../data/gutenberg/Benjamin Disraeli___Tancred.txt,0.05903218511477851,2.1785837762525922e-06,2.178583304304287e-06,0.16095117976953352,0.007430053002289055,2.17858288727644e-06,0.010757696839110363,0.07209773292413373,2.1785839674036414e-06,0.0046433273694144895,0.19946496721270296,0.021909896326933763,0.12630424664407328,2.17858283942092e-06,0.33739782188025563
66,The Duke's Children,Anthony Trollope,../data/gutenberg/Anthony Trollope___The Duke's Children.txt,0.7707773605401319,2.7692470603931407e-06,2.7692468221393267e-06,0.048899139585174944,2.7692462165835977e-06,0.010171028813817023,2.76924700273269e-06,2.769246842996071e-06,0.028074650490731275,2.769247066633026e-06,2.7692458382320656e-06,2.7692467998687353e-06,0.13842686107959207,0.003626036270423998,2.7692464790990243e-06
67,The Adventure of the Bruce-Partington Plans,Sir Arthur Conan Doyle,../data/gutenberg/Sir Arthur Conan Doyle___The Adventure of the Bruce-Partington Plans.txt,0.17165208327671697,4.050233023204831e-05,4.050234241503422e-05,0.07692662891641469,4.050231064224803e-05,4.0502312009637825e-05,0.05208440554393242,0.027919437110117008,0.6410068856163245,4.050231594918213e-05,4.0502318782115816e-05,0.030046038591621325,4.0502339237119596e-05,4.0502335702034204e-05,4.050233990393808e-05
68,The Book of Dreams and Ghosts,Andrew Lang,../data/gutenberg/Andrew Lang___The Book of Dreams and Ghosts.txt,0.26648464073545947,0.0009026808181470931,0.03209832043802489,0.0005011060581474229,0.09865658447964896,0.01247820670619683,0.12562185081776964,0.12888075982429706,0.07559262722210176,0.012083784468370504,0.05346840624504397,0.04128471123755908,0.11371674174566634,0.03053379238071768,0.007695786822849325
69,Villa Rubein and Other Stories,John Galsworthy,../data/gutenberg/John Galsworthy___Villa Rubein and Other Stories.txt,4.742608450639366e-06,0.023483972602917215,0.04958344445293636,4.742606435129577e-06,0.008343720425043468,0.02857142613506562,4.742607091071409e-06,0.016518905914691837,0.5272167104794754,4.742608803843065e-06,0.01558537698985666,4.7426081043407655e-06,0.03957185572603312,0.16863760490238863,0.1224632693327068
70,The Tale of Samuel Whiskers,Beatrix Potter,../data/gutenberg/Beatrix Potter___The Tale of Samuel Whiskers.txt,0.00010040179419025022,0.00010040177990782757,0.7835539858056328,0.00010040175280750599,0.00010040181666161996,0.00010040184243331659,0.00010040177220902481,0.0001004017537795622,0.00010040175996370263,0.00010040175317551352,0.00010040173305642027,0.00010040173943926737,0.00010040177111755293,0.21514079110255876,0.00010040182306680876
71,Inn of Tranquility and Other Essays,John Galsworthy,../data/gutenberg/John Galsworthy___Inn of Tranquility and Other Essays.txt,2.3724848846298443e-05,2.3724852042940714e-05,0.12832311801166627,0.026625587590553675,0.09427567916199357,0.042948076100443246,0.023435561084647,2.3724858013295116e-05,0.5443804048463055,0.03933091180194276,2.37248595266243e-05,2.372484975900973e-05,2.3724861548756374e-05,2.3724858189982005e-05,0.10051458741452124
72,The Waste Land,T S Eliot,../data/gutenberg/T S Eliot___The Waste Land.txt,0.005648348496507255,0.037085287410089485,7.558600398322246e-05,7.558599805963068e-05,0.31206279421156846,0.03840840481569925,0.015635894148268943,0.06228166394952931,0.20098998575729873,0.03836902448978282,7.558598210449674e-05,7.558597288972733e-05,7.558599815495984e-05,0.027639910710265624,0.26150075605579826
73,"The Works of Robert Louis Stevenson - Swanston Edition, Volume 4",Robert Louis Stevenson,"../data/gutenberg/Robert Louis Stevenson___The Works of Robert Louis Stevenson - Swanston Edition, Volume 4.txt",0.17313374870004578,0.02673698748610894,3.8775567050880015e-06,0.0003044637107813103,3.87755622976467e-06,3.87755720550801e-06,3.877558246508897e-06,0.07442330102704545,0.2636065764004938,0.01453087847890585,0.15818117897059053,0.03012384346519692,0.1523122137297461,3.877556818875233e-06,0.1066274202458795
74,The Mischief Maker,Edward Phillips Oppenheim,../data/gutenberg/Edward Phillips Oppenheim___The Mischief Maker.txt,0.16763210606627282,4.855557764677627e-06,4.855559469824025e-06,0.03832179801874344,4.855558181329363e-06,4.85555763305833e-06,4.855558172300419e-06,0.04001382578283953,0.7082777924662886,4.855558179191091e-06,4.8555593578222975e-06,0.0024730576347789675,0.043237720000831065,4.855560362782673e-06,4.855561124519268e-06
75,The Trumpet-Major,Thomas Hardy,../data/gutenberg/Thomas Hardy___The Trumpet-Major.txt,0.0011906017296754703,0.08178340589987015,0.3865841897125514,3.3648019663553423e-06,7.30972301904177e-06,3.364802499982748e-06,0.013785250474263787,0.00036498973024444735,0.044818730167644365,3.364803162166317e-06,0.06383641245675475,0.12671352937102984,0.21399651000990927,0.017642681739079652,0.04926629457832927
76,"Stories from the Italian Poets: With Lives of the Writers, Volume 2",Leigh Hunt,"../data/gutenberg/Leigh Hunt___Stories from the Italian Poets: With Lives of the Writers, Volume 2.txt",0.011196816912952075,3.592157225643453e-06,3.5921561583399542e-06,0.02831050440789652,0.41546822616098805,3.592156642162665e-06,0.015765246927696427,0.08291572014754531,3.5921564610353027e-06,3.5921571147553282e-06,0.37949740448850616,0.009382904036480235,0.05743803182134569,3.592155419840545e-06,3.5921575675976855e-06
77,Essays on Education and Kindred Subjects,Herbert Spencer,../data/gutenberg/Herbert Spencer___Essays on Education and Kindred Subjects.txt,2.0275802556924616e-06,2.0275805328088055e-06,2.0275806837838487e-06,0.3826239253686979,0.0039503420178512,2.027580198250196e-06,0.4849341575185014,0.10182475346824893,0.0002592338726136378,2.027580136917048e-06,2.02758069898588e-06,2.027579991861837e-06,0.026389339530375866,2.0275806531997633e-06,2.0275805598783657e-06
78,An Almanac of Twelve Sports,Rudyard Kipling,../data/gutenberg/Rudyard Kipling___An Almanac of Twelve Sports.txt,0.1361207335444402,0.00038759768657151887,0.0003875980201962411,0.0003875978018412465,0.385173374399735,0.17718022649200216,0.00038759755968715995,0.00038759805308145873,0.0003875981445550902,0.0003875980848052066,0.0003875978252750645,0.0542035259021437,0.00038759754096364947,0.07812994682273287,0.1657038121219696
79,For Jacinta,Harold Bindloss,../data/gutenberg/Harold Bindloss___For Jacinta.txt,3.86317454978643e-06,0.22746342097968622,3.863175101345055e-06,3.8631747212110686e-06,3.863174218122528e-06,3.863177110950726e-06,3.863175397830138e-06,3.863174888152734e-06,0.46105338934300455,0.31074869493996915,3.863175351110874e-06,3.86317594858781e-06,3.863175649913434e-06,0.0006919998075320034,3.863176871288862e-06
80,"The Works of Robert Louis Stevenson - Swanston Edition, Volume 24",Robert Louis Stevenson,"../data/gutenberg/Robert Louis Stevenson___The Works of Robert Louis Stevenson - Swanston Edition, Volume 24.txt",0.2780582440595119,0.06733821570358901,0.0005065415559435528,0.0005068003076749912,0.05976832458463011,7.002021824383331e-05,0.0010014375905752707,0.3512411740090636,3.1616638583788246e-06,0.19570659027228338,3.1616632747181735e-06,3.1616635965325464e-06,3.2997354975630074e-06,0.04578670530807794,3.1616641792669745e-06
81,Fanshawe,Nathaniel Hawthorne,../data/gutenberg/Nathaniel Hawthorne___Fanshawe.txt,8.253910053260064e-06,0.0003710244674088165,8.253910169563746e-06,0.03705951111666061,0.004369744594045449,8.25390822688853e-06,0.03581154726052528,0.05080311518476039,8.25390981119667e-06,0.1398405946506685,0.3026296253742953,8.253909474886091e-06,0.42905705998494065,8.253908416162516e-06,8.25391054300051e-06
82,New Poems,Robert Louis Stevenson,../data/gutenberg/Robert Louis Stevenson___New Poems.txt,1.5686312144519696e-05,0.03775010999870707,0.07172114053867308,1.5686300217786935e-05,0.5841318786809121,0.027888357509995042,1.5686300928639672e-05,1.568631216586199e-05,0.04661443874627264,0.12754345867560668,0.04994755024791656,1.5686313188684326e-05,1.568631091987203e-05,1.568631492034057e-05,0.05429326143743109
83,Heartsease,Charlotte Mary Yonge,../data/gutenberg/Charlotte Mary Yonge___Heartsease.txt,0.0005867487087281279,1.8706678468409322e-06,0.0009628945817669486,1.8706669403051666e-06,0.034371038952524656,1.870667534134548e-06,1.8706674569391694e-06,1.8706675514867698e-06,1.8706672606512857e-06,0.007735022440306419,0.03208895965465368,1.8706676330535985e-06,0.9238107834813523,0.00042958684075040693,1.8706676941453558e-06
84,The Fitz-Boodle Papers,William Makepeace Thackeray,../data/gutenberg/William Makepeace Thackeray___The Fitz-Boodle Papers.txt,0.39137247751370746,1.1753678514746707e-05,0.021254308003837284,0.03419516186777432,0.03387026817707576,1.1753676005594605e-05,1.1753676303846099e-05,0.11022487778589912,1.1753675611285002e-05,0.0272252764366643,0.0066284041392611235,1.175367540539055e-05,0.008838254812999102,0.10274914531329701,0.26358305756764383
85,The Darwinian Hypothesis,Thomas Henry Huxley,../data/gutenberg/Thomas Henry Huxley___The Darwinian Hypothesis.txt,5.782034904937187e-05,5.7820395868335114e-05,5.782031681290308e-05,0.13425393173913858,0.015995421978314685,5.782033792375606e-05,0.8108999739573649,0.03821464856253905,5.782031836213916e-05,5.782033849480727e-05,5.782036429169225e-05,5.782035830598739e-05,5.782033304749138e-05,5.7820303169053696e-05,5.782034731718255e-05
86,The Man,Bram Stoker,../data/gutenberg/Bram Stoker___The Man.txt,4.52530884875732e-06,0.07915214805383701,4.525307080217527e-06,0.0036389716166902253,4.525309130940671e-06,4.525309012240965e-06,0.00872736262564178,4.525308971474251e-06,0.48451878956554456,4.525309022697107e-06,0.12041456612676774,4.525309281572508e-06,0.30350743423351834,4.5253080199263365e-06,4.52530863242494e-06
87,Essays of Robert Louis Stevenson,Robert Louis Stevenson,../data/gutenberg/Robert Louis Stevenson___Essays of Robert Louis Stevenson.txt,0.07981130958247398,0.020059388193344532,6.28991964749598e-06,0.054627411492698556,0.13626922107675132,0.006170912425046567,0.03413944765692546,0.6135171955612565,6.28991882555238e-06,0.05534966285543428,6.289918370546555e-06,6.2899192855745984e-06,6.28991917083896e-06,6.289919702537985e-06,1.771164106617001e-05
88,Love Eternal,Henry Rider Haggard,../data/gutenberg/Henry Rider Haggard___Love Eternal.txt,0.10098529001034402,4.656807091453626e-06,4.656806968223694e-06,0.02054369688634035,0.020777307765406462,0.0020230479717506,0.03017650020619519,0.008047986638485665,0.2725165659739941,0.012439077614724193,0.09246652118214922,0.011776351645992245,0.23526064664177682,0.05000613624784311,0.14297155760093835
89,Diderot and the Encyclopædists (Vol 2 of 2),John Morley,../data/gutenberg/John Morley___Diderot and the Encyclopædists (Vol 2 of 2).txt,0.024400277563243377,3.551587420696152e-06,3.551586914573272e-06,0.3121381438088393,0.11231333111959466,3.551587413174401e-06,0.030172800862274942,0.46663202309466173,0.0004368736147018407,3.55158697409409e-06,0.042752376202761656,3.5515874116382306e-06,0.011129312623779813,3.551586609686432e-06,3.551587398564992e-06
90,Old Mortality,Sir Walter Scott,../data/gutenberg/Sir Walter Scott___Old Mortality.txt,0.2274528508494012,1.7985009297463875e-06,0.012447765835538551,0.09773696550799985,0.00419471446237724,1.7985009439257735e-06,0.003359551490233708,0.000763658101129342,1.7985011104409342e-06,1.7985011715070423e-06,0.5639082157540315,0.08831079527765444,0.001814691715363432,1.7985010139340397e-06,1.7985011012701384e-06
