,book_title,author_name,book_location,topic_1,topic_2,topic_3,topic_4,topic_5,topic_6,topic_7,topic_8,topic_9,topic_10,topic_11,topic_12,topic_13,topic_14,topic_15,topic_16,topic_17,topic_18,topic_19,topic_20
0,Behind the Beyond,Stephen Leacock,../data/gutenberg/Stephen Leacock___Behind the Beyond.txt,6.1282021331372465e-06,6.128202112845397e-06,6.128202130391666e-06,0.05661369891844462,0.04271298908937705,6.128202136942247e-06,0.16450295657809633,0.006645686910769194,0.2828938819445501,0.046561169228019804,0.06667595484507076,6.128202115259777e-06,6.128202117085028e-06,6.1282021231391245e-06,6.128202113608763e-06,0.07413396186802497,6.128202133010591e-06,0.07939138964499512,6.128202129882852e-06,0.1798070289514066
1,Tommy and Co,Jerome Klapka Jerome,../data/gutenberg/Jerome Klapka Jerome___Tommy and Co.txt,3.082994269905984e-06,0.02187495970158495,3.082994274213077e-06,3.0829942654082654e-06,3.0829942786442263e-06,3.082994274698498e-06,0.034393138216037664,0.005747229266562133,0.4134850818343851,0.1722362950150681,0.004022422835475428,3.0829942804320406e-06,3.082994268786264e-06,3.0829942735451405e-06,0.004021975021034686,0.060004191833637484,0.17209487422562622,3.0829942772373258e-06,3.0829942763708297e-06,0.11208900210784892
2,Winsome Winnie and other New Nonsense Novels,Stephen Leacock,../data/gutenberg/Stephen Leacock___Winsome Winnie and other New Nonsense Novels.txt,4.469473599874909e-06,0.009115963684646523,0.076108212304703,0.09833944976850871,0.008047769740635142,0.05590517425153683,0.19975457338292227,0.005931742958071562,0.16086552591091058,0.02593684975195969,0.015974106017609044,0.008912055264883083,0.010840301922875812,0.0409348300099423,4.4694736035485015e-06,0.10511286857511684,0.04703202514986861,4.469473598298328e-06,4.469473590691333e-06,0.13117067341141767
3,The Moccasin Ranch,Hamlin Garland,../data/gutenberg/Hamlin Garland___The Moccasin Ranch.txt,8.877841130470893e-06,8.877841076427707e-06,0.4128920485048843,0.16695046162865074,0.0176380584686639,8.877841098413086e-06,0.024757882254836654,0.012885312700603297,0.2265356300548461,0.07443353270422486,8.877841096605689e-06,0.00014518661066412024,0.05158316893126657,8.877841128370283e-06,8.877841108533652e-06,8.877841109448915e-06,8.877841128120124e-06,8.87784112758067e-06,8.877841128471736e-06,0.01208993973022685
4,Three Ghost Stories,Charles Dickens,../data/gutenberg/Charles Dickens___Three Ghost Stories.txt,0.0025626938798876567,0.08291622104997157,0.02086896480404983,0.07186952887344868,8.887309141065504e-06,8.88730912850262e-06,0.4401027913485728,8.887309132758625e-06,0.10168523908283632,0.0024246129516422256,0.00015860536634344194,0.013007947377810972,0.017301676548689797,0.005693837963721186,0.07054037885313492,0.03396565089517897,0.00980293887478336,0.01216203679673873,0.007730958821985266,0.10717925458380186
5,The Man with Two Left Feet,P G Wodehouse,../data/gutenberg/P G Wodehouse___The Man with Two Left Feet.txt,2.787378817346282e-06,0.030448793724139184,0.0013261613155982923,0.04760279115482592,2.787378814797417e-06,0.004084929431388183,2.7873788125545834e-06,0.0592863537639913,0.39875028888079606,0.08888524616267932,0.001142488949843936,2.787378817774582e-06,2.787378815889909e-06,2.7873788180168807e-06,0.00185309274302792,0.034677073839030306,0.03793979104761785,2.7873788116455023e-06,2.78737881016964e-06,0.2939806899565435
6,"Essays: Scientific, Political, & Speculative, Volume I",Herbert Spencer,"../data/gutenberg/Herbert Spencer___Essays: Scientific, Political, & Speculative, Volume I.txt",9.485866293699447e-07,9.485866280015279e-07,9.485866291327805e-07,9.485866255546264e-07,1.9128719561277042e-05,9.485866287877954e-07,9.485866271885492e-07,9.485866229752298e-07,9.485866242627711e-07,9.48586624266376e-07,0.04420141101799262,0.010127742756067152,0.0009664520753022514,9.485866262516461e-07,0.8093888292260843,0.1350898480491894,9.485866245221955e-07,9.485866274507325e-07,0.00019425652965741967,9.485866277777674e-07
7,The Lady of the Aroostook,William Dean Howells,../data/gutenberg/William Dean Howells___The Lady of the Aroostook.txt,2.6932400291578375e-06,2.6932400324295785e-06,0.0010508231583400084,0.04683035966353664,0.0017617035784978081,2.6932400304776097e-06,0.000382778630630352,0.010249345028359357,0.1507558011499105,0.07367108139739419,2.693240028706491e-06,2.6932400282757107e-06,2.6932400308530537e-06,0.07345441761196764,2.693240033247371e-06,2.69324003149389e-06,0.10595714482864396,0.0057588344467685276,0.003626079995276131,0.5264800845904304
8,Tarzan the Untamed,Edgar Rice Burroughs,../data/gutenberg/Edgar Rice Burroughs___Tarzan the Untamed.txt,1.5462642625603878e-06,1.546264257351432e-06,0.6830148400043297,0.0024771011803441834,1.5462642581014333e-06,0.027527447083802406,1.5462642589486545e-06,1.5462642562301755e-06,1.546264257583578e-06,1.546264263562517e-06,1.5462642590763234e-06,1.5462642575666476e-06,0.20421263210077908,0.05248902595268087,0.018019604627815478,1.5462642612046853e-06,1.5462642537261196e-06,0.012239247614880861,1.5462642619758495e-06,1.5462642595784439e-06
9,Diary of a Pilgrimage,Jerome Klapka Jerome,../data/gutenberg/Jerome Klapka Jerome___Diary of a Pilgrimage.txt,4.381353072936671e-06,4.381353069073875e-06,4.381353064053486e-06,0.11487979548259941,0.004475477216421733,4.381353071010064e-06,0.06212400613068005,0.0003222594848475476,0.22970377818095122,0.04140823746699244,0.05119165807549014,4.3813530532786255e-06,4.3813530684646125e-06,0.0012648379893186162,4.381353068960847e-06,0.07671717083473875,0.02111056459487943,0.1536813341251894,0.02674438742039751,0.21634582352602597
10,Rinkitink in Oz,Lyman Frank Baum,../data/gutenberg/Lyman Frank Baum___Rinkitink in Oz.txt,3.5114826369395754e-06,3.5114826230924764e-06,0.02525355985312401,0.022443295573969155,3.5114826216515447e-06,0.34791748457759575,3.5114826242861195e-06,3.511482635123402e-06,3.511482622211451e-06,0.47379090705296756,3.5114826313768093e-06,3.511482633704045e-06,0.1298713515296027,3.511482629040447e-06,3.5114826391443933e-06,3.511482629335019e-06,3.5114826167052454e-06,0.0006742406559530501,3.511482620746429e-06,3.511482624585467e-06
11,The Great Keinplatz Experiment and Other Tales of Twilight and the Unseen,Sir Arthur Conan Doyle,../data/gutenberg/Sir Arthur Conan Doyle___The Great Keinplatz Experiment and Other Tales of Twilight and the Unseen.txt,0.04672601446471996,0.026616409658790537,0.21500493029471385,0.0891654696982255,2.7656397569648875e-06,0.007074619165179667,0.2487155880247816,0.00824348057141466,0.12808594838934242,2.765639757363309e-06,2.765639755737331e-06,2.765639756849877e-06,0.008264379766108323,0.02365325688653335,0.030259491788237204,0.09599714859850422,2.7656397584740626e-06,2.7656397609897314e-06,0.008369553755229003,0.06380711509967336
12,On the Origin of Species by Means of Natural Selection or the Preservation of Favoured Races in the Struggle for Life. (2nd edition),Charles Darwin,../data/gutenberg/Charles Darwin___On the Origin of Species by Means of Natural Selection or the Preservation of Favoured Races in the Struggle for Life. (2nd edition).txt,9.526350045849262e-07,9.526350055440402e-07,9.526350053813601e-07,9.526350066772536e-07,9.526350043656817e-07,9.526350089617207e-07,9.526350036220289e-07,9.526350047516675e-07,9.526350026947248e-07,9.526350055516698e-07,9.526350088875869e-07,9.526350062929516e-07,9.526350065673255e-07,9.526350076600074e-07,0.9999818999348907,9.526350062689372e-07,9.526350051996669e-07,9.526350061002566e-07,9.526350053833519e-07,9.526350049389273e-07
13,Is Shakespeare Dead?,Mark Twain,../data/gutenberg/Mark Twain___Is Shakespeare Dead?.txt,8.019246390598442e-06,0.07464061988739915,8.019246384337995e-06,0.08941075494340008,0.076465231981484,8.01924639014711e-06,8.019246373738379e-06,0.03399326705056527,0.025851595537224645,8.019246391921325e-06,0.10141465795969998,0.0440367173621477,8.019246367373458e-06,0.003982720974462392,8.019246387515517e-06,0.48746927291271097,0.02606219620318496,0.034984001669871236,0.0016248095467793573,8.01924638480809e-06
14,The Irrational Knot,George Bernard Shaw,../data/gutenberg/George Bernard Shaw___The Irrational Knot.txt,1.706484682833191e-06,0.038906232816843224,1.7064846823909036e-06,1.7064846809427392e-06,0.007207722081816604,1.7064846824358436e-06,0.11853375846632903,1.7064846811507777e-06,0.10410953271598783,0.0009183645155078191,0.03345538338649126,0.002288420306789758,1.706484681602821e-06,1.7064846803468587e-06,1.706484682710488e-06,0.03567673853788936,0.35176576536182724,1.7064846794512995e-06,0.02675596744769503,0.28036675600068883
15,A Garland for Girls,Louisa May Alcott,../data/gutenberg/Louisa May Alcott___A Garland for Girls.txt,2.4017677606804474e-06,2.4017677574689774e-06,2.4017677589342017e-06,0.00047885785051619205,0.06874632151948543,2.4017677522142417e-06,0.01376685868854904,2.4017677588528188e-06,0.07391825034980981,0.6490639388134157,2.4017677611102306e-06,2.4017677486367137e-06,2.401767756450232e-06,0.006398268444107364,2.401767744367509e-06,2.401767760821956e-06,0.13649687839280822,2.4017677556577012e-06,2.4017677598801863e-06,0.051101804728233134
16,Mercedes of Castile,James Fenimore Cooper,../data/gutenberg/James Fenimore Cooper___Mercedes of Castile.txt,0.23503237631031235,0.3604660413649356,8.676037008937148e-07,8.676036975291569e-07,8.676036986406529e-07,8.676036990946851e-07,8.676036981538285e-07,8.676036984602053e-07,8.676036979651704e-07,8.676036973723229e-07,8.676036993347705e-07,0.09388113432368118,0.09293744047289601,0.06725170273810997,0.024769219837476576,8.676036988482028e-07,0.0008052923934686726,0.0597809416629693,0.04392454362880081,0.021142631230363175
17,The Hermits,Charles Kingsley,../data/gutenberg/Charles Kingsley___The Hermits.txt,0.13937882636552895,0.00025904340983984927,1.8924340915868875e-06,0.05449905387080529,0.010722272481438165,0.08011142714896913,1.8924340908954717e-06,1.8924340876390827e-06,1.8924340866095961e-06,1.8924340930437793e-06,1.8924340903052212e-06,1.8924340937546163e-06,0.009079155773927938,1.8924340939467414e-06,0.0020929468945217046,0.043278401313234766,1.8924340925297826e-06,0.14556775991037565,0.5149921884904471,1.8924340911624994e-06
18,Prince Ricardo of Pantouflia,Andrew Lang,../data/gutenberg/Andrew Lang___Prince Ricardo of Pantouflia.txt,0.07441177859788461,0.008256338316499764,7.3953558890221075e-06,0.007371191925336643,7.395355906723595e-06,0.2374233859342844,0.08329374685274146,0.08539919918617851,7.39535587615679e-06,0.412356624684631,7.395355898562214e-06,7.3953558835982235e-06,7.395355886628672e-06,7.395355864229671e-06,7.39535590448014e-06,0.03353160955718925,7.395355893975711e-06,0.057874776030453955,7.395355900094008e-06,7.395355896812609e-06
19,"The Hall of Fantasy (From ""Mosses From An Old Manse"")",Nathaniel Hawthorne,"../data/gutenberg/Nathaniel Hawthorne___The Hall of Fantasy (From ""Mosses From An Old Manse"").txt",0.021300485801781108,3.4364262003246035e-05,0.01293455202388695,3.4364261850131725e-05,0.5562208184980477,3.436426184251333e-05,0.07085456401437136,3.436426194771297e-05,3.436426187740479e-05,3.436426193526699e-05,0.0614095717606046,3.436426194616009e-05,3.436426204809725e-05,3.436426178571802e-05,0.04415806881818236,0.04204803936399866,3.436426186660473e-05,0.05703911183088531,0.0035992987283377173,0.1300918465408014
20,From Twice Told Tales,Nathaniel Hawthorne,../data/gutenberg/Nathaniel Hawthorne___From Twice Told Tales.txt,0.23393897322101964,0.037625858337352276,0.02632159346836274,1.7352073975972365e-06,0.11948173313614087,1.7352073988759643e-06,0.25334165775471007,1.7352073938305293e-06,1.7352073981125328e-06,0.06401918122647315,0.0003942517689474487,0.04649516784410165,0.0898938866198121,1.7352073972401802e-06,0.006807788312524991,1.7352073976668468e-06,1.7352073951101214e-06,0.0865122127920707,0.016883328376509233,0.01827222069019655
21,Biographia Literaria,Samuel Taylor Coleridge,../data/gutenberg/Samuel Taylor Coleridge___Biographia Literaria.txt,0.00129759289558036,0.10672111077229335,1.1447672978705842e-06,1.1447672963641748e-06,0.44551882505272394,1.1447672960368826e-06,0.0047850147929516555,1.1447672983701705e-06,0.0005112710823748266,1.1447672950140545e-06,0.012996548186282344,0.09956059938664498,0.0012218814523023247,1.1447672970844732e-06,0.12953396060280903,0.18566537367693248,1.1447672969749241e-06,1.1447672942993848e-06,0.010953390301352377,0.0012252736593800857
22,They of the High Trails,Hamlin Garland,../data/gutenberg/Hamlin Garland___They of the High Trails.txt,0.0019932043252776947,0.0009614275431950269,0.40729283590576926,0.0009533099537049887,1.7454444324491598e-06,0.0027483937939203292,1.7454444313258438e-06,0.11802825855047552,0.1876709585269449,0.053011798591437446,1.7454444329631369e-06,0.01718282192013948,0.10604955487856706,1.7454732745926013e-06,1.7454444329030192e-06,1.7454444309121622e-06,0.008629601698208667,1.7454444308503148e-06,0.0031082372291945863,0.09235737894329919
23,The Crime of the Congo,Sir Arthur Conan Doyle,../data/gutenberg/Sir Arthur Conan Doyle___The Crime of the Congo.txt,3.3042559521964004e-06,3.3042559509164913e-06,0.019393092043045193,0.0048394438970063725,3.3042559468032514e-06,0.054382565488958055,3.3042559590268885e-06,3.304255956970811e-06,3.30425595620073e-06,3.3042559547591486e-06,0.19419523577818948,0.3246147971059303,0.07905450139595271,0.18758046965448122,0.00039799810186180967,0.1043299967416757,3.3042559549798824e-06,0.031178857233342672,3.304255963538998e-06,3.304255961166578e-06
24,King Solomon's Mines,Henry Rider Haggard,../data/gutenberg/Henry Rider Haggard___King Solomon's Mines.txt,0.2032135212102547,2.2148394760111016e-06,0.131953310305941,0.19065614212540188,2.2148394795231264e-06,0.11564879234092294,0.02682075552900622,2.2148394762264856e-06,2.2148394775112186e-06,0.014223132973956325,2.2148394749476666e-06,2.214839474037598e-06,0.2059036312232392,0.06566256929119405,0.029630994633702657,0.005447064362482871,2.2148394782564843e-06,0.0040049564099829205,0.0064224912889854656,0.00039713442859321885
25,The Doctor's Dilemma,George Bernard Shaw,../data/gutenberg/George Bernard Shaw___The Doctor's Dilemma.txt,0.008090766407265854,6.0110604818010975e-06,6.011060484429817e-06,6.011060500879951e-06,6.011060490258576e-06,6.011060490182624e-06,0.17387136477581866,6.011060499308873e-06,0.1702162100995017,6.011060498291821e-06,0.0043321229298995505,6.011060478829482e-06,6.011060483016426e-06,6.0110604857527375e-06,6.011060497004307e-06,0.1870760455806379,0.4137915358920967,6.01106050010325e-06,0.010953069717933306,0.03159675187095638
26,The Kingdom of the Blind,Edward Phillips Oppenheim,../data/gutenberg/Edward Phillips Oppenheim___The Kingdom of the Blind.txt,2.6013215217916137e-06,2.6013215306781968e-06,0.07240776910085323,2.601321531388565e-06,2.601321518601818e-06,2.6013215351492238e-06,0.19120083983590092,0.0010330662103436264,0.15758537306638754,2.601321529724441e-06,2.6013215291728168e-06,0.0014324365197198423,2.601321524389704e-06,0.22443856862974748,2.6013215260074847e-06,2.6013215336943536e-06,0.008053009011404457,2.601321529249826e-06,2.6013215231527347e-06,0.3438177217673099
27,A Miscellany of Men,G K Chesterton,../data/gutenberg/G K Chesterton___A Miscellany of Men.txt,0.007668506625271191,3.1885722334413154e-06,3.188572233554972e-06,0.12182001304009911,0.03776082562857877,0.015603035893062327,0.002982693995959513,3.1885722252270673e-06,0.000625310143661558,0.03456817558543505,0.04353192983002825,0.007839337883824014,3.1885722290293567e-06,3.1885722273696354e-06,0.004810979226899378,0.5132277282955939,3.1885722315236697e-06,0.05235090258306913,0.06886480483433825,0.08832662500079949
28,Amos Kilbright; His Adscititious Experiences,Frank Richard Stockton,../data/gutenberg/Frank Richard Stockton___Amos Kilbright; His Adscititious Experiences.txt,6.540222491791989e-06,0.04132489454105687,6.540222509796128e-06,0.03991707031879087,0.017145935167634456,6.5402225065119575e-06,6.5402225136002485e-06,0.11697006069389246,0.33546485121933445,0.07499232865259603,0.13856550906964984,0.010880915505122988,0.08692421433368878,6.540222509725279e-06,0.021458287078300095,0.015082499859618589,0.08858047741602752,6.540222519547525e-06,0.012647174586713989,6.540222522128816e-06
29,"Prize Money, Sailor's Knots, Part 10",William Wymark Jacobs,"../data/gutenberg/William Wymark Jacobs___Prize Money, Sailor's Knots, Part 10.txt",4.0387722823787076e-05,4.038772273609356e-05,4.0387722689410876e-05,4.0387722816164464e-05,4.038772260036511e-05,4.038772284720079e-05,4.038772282699283e-05,4.0387722969877905e-05,0.9992326332680207,4.038772291735635e-05,4.038772269843237e-05,4.0387722583129275e-05,4.038772267995239e-05,4.0387722816597894e-05,4.038772262073078e-05,4.038772261411507e-05,4.038772285076041e-05,4.0387722663933176e-05,4.0387722593847386e-05,4.0387722630232635e-05
30,Leo the Circus Boy,Edward Stratemeyer,../data/gutenberg/Edward Stratemeyer___Leo the Circus Boy.txt,4.079967458156162e-06,4.079967456668413e-06,0.011708794305223038,0.020886523370147334,0.00356047713495574,0.011847021414410288,0.037796061568159754,0.7903362907481932,0.03382130826413194,0.011288662777776806,0.017943144789490453,4.07996746058165e-06,0.04702706029497075,0.0018715295858570363,0.008287379257585775,4.079967461612417e-06,4.079967454860939e-06,0.0035971867168887064,4.07996745679293e-06,4.079967460407462e-06
31,Tik-Tok of Oz,Lyman Frank Baum,../data/gutenberg/Lyman Frank Baum___Tik-Tok of Oz.txt,0.0026557156367344272,3.553660348333045e-06,0.0668936498685844,3.553660349713252e-06,3.5536603449782884e-06,0.10290687062142287,3.5536603531596336e-06,3.5536603533951663e-06,3.5536603508262424e-06,0.6905959000476963,3.553660350081708e-06,0.009176983347441554,0.04966020903712751,0.0637698129846567,0.014298214532146043,3.553660342659142e-06,3.55366034158913e-06,3.5536603562660676e-06,3.553660348278979e-06,3.553660350935894e-06
32,The Great War Syndicate,Frank Richard Stockton,../data/gutenberg/Frank Richard Stockton___The Great War Syndicate.txt,4.199916088157866e-06,4.199916088147741e-06,0.012772113679583915,0.03759640892749884,4.199916083047838e-06,4.199916089831583e-06,4.199916082674309e-06,4.199916080670847e-06,4.1999160792126356e-06,4.199916070058363e-06,0.029373155945935467,0.0898846779057876,4.199916102938299e-06,0.7687027541696314,0.06161209054635812,4.199916101702404e-06,4.199916071580204e-06,4.1999160920674236e-06,4.199916074449584e-06,4.1999161000588025e-06
33,The People of the Abyss,Jack London,../data/gutenberg/Jack London___The People of the Abyss.txt,0.0231494451933151,2.711349774926885e-06,0.0043296587129502025,0.2351308512628111,2.7113497723929974e-06,0.04973853968742499,0.021826604323767596,0.00015219421522240817,0.2765247750159907,2.711349774831748e-06,0.2748969240539269,2.711349773122969e-06,2.7113497715317453e-06,0.01355301896138499,0.006721708459566842,0.032175079975193185,0.0010217013044127381,0.005554084366627997,0.039698352916226864,0.015513504802311878
34,Heartbreak House,George Bernard Shaw,../data/gutenberg/George Bernard Shaw___Heartbreak House.txt,0.006076001753615813,3.850596926648626e-06,3.850596932775528e-06,0.021976639684882046,0.002221463592126912,3.850596933949825e-06,0.005249634736712577,3.850596925051214e-06,0.2531732749039291,0.003841379335828072,0.03838848142157492,0.017965886920621506,3.8505969282019054e-06,0.07388617199125884,3.850596932099124e-06,0.16306125366864557,0.2838247544989147,3.8505969386815224e-06,0.04813574417736026,0.08217235913601238
35,Maxims for Revolutionists,George Bernard Shaw,../data/gutenberg/George Bernard Shaw___Maxims for Revolutionists.txt,4.009623183608807e-05,4.0096231844700424e-05,4.0096231750209596e-05,4.009623186752314e-05,4.009623184395526e-05,4.009623193645864e-05,0.057284866020899015,4.0096231761847524e-05,4.009623184075976e-05,4.00962318647695e-05,0.26488450074359166,0.10040750860651745,4.009623176406391e-05,4.0096231903774026e-05,4.0096231969200295e-05,0.36106931627017985,0.017923485226818008,4.009623184166358e-05,0.19786897588617194,4.009623179700192e-05
36,The Duenna,Richard Brinsley Sheridan,../data/gutenberg/Richard Brinsley Sheridan___The Duenna.txt,0.343037822018821,0.0643313135542387,1.1633318028676006e-05,1.1633318023898547e-05,1.1633318069613159e-05,1.1633318092631103e-05,0.12151083689691071,1.1633318092813845e-05,1.1633318097972998e-05,0.003772528438134858,1.1633317995977305e-05,1.1633318050565856e-05,1.1633318107948769e-05,1.1633318034295537e-05,1.1633317989934821e-05,1.1633318004471311e-05,0.37480762597636724,1.1633318060378087e-05,0.08757870425288126,0.004809935727996863
37,Battle-Pieces and Aspects of the War,Herman Melville,../data/gutenberg/Herman Melville___Battle-Pieces and Aspects of the War.txt,0.492722835041522,4.361479503999382e-06,0.0345480383956445,0.10530501996171125,0.08893491923373222,4.361479507059925e-06,4.361479509147301e-06,4.3614795058120515e-06,4.361479513479826e-06,4.361479511157453e-06,4.3614795191899205e-06,0.056827844637456534,0.0030868815358248334,0.20899027564300604,4.361479513075756e-06,0.003948953643650455,4.3614794953641025e-06,0.0055872556328326614,4.361479521736934e-06,4.3614795194400984e-06
38,His Majesties Declaration Defended,John Dryden,../data/gutenberg/John Dryden___His Majesties Declaration Defended.txt,2.6724224587881763e-05,0.08075102620341994,1.3517167077140952e-05,1.3517167124632707e-05,0.05362391245968043,0.07467143829482148,1.3517167129292928e-05,1.3517167105944108e-05,1.3517167121146552e-05,1.3517167135420592e-05,1.3517167135724297e-05,0.7157142808227143,1.3517167048179417e-05,1.3517167034434101e-05,1.3517167077188674e-05,0.03371711394920526,1.3517167136088721e-05,1.3517167062617081e-05,0.04131978087329959,1.3517167083160785e-05
39,The Rivals,Richard Brinsley Sheridan,../data/gutenberg/Richard Brinsley Sheridan___The Rivals.txt,0.12290071982113923,0.44732054634652874,5.6053812747615785e-06,5.605381290718516e-06,0.00010681352674361456,5.605381284897647e-06,5.605381299538392e-06,5.60538130468887e-06,0.040520280037770764,5.60538129140065e-06,5.605381281727387e-06,5.605381283353076e-06,5.605381273423423e-06,5.605381291269156e-06,5.605381283205105e-06,5.60538128978437e-06,0.3890675595485193,5.60538125701881e-06,5.6053813048306815e-06,5.605381287738126e-06
40,The God of His Fathers,Jack London,../data/gutenberg/Jack London___The God of His Fathers.txt,0.04260252133421476,3.280624702901042e-06,0.275971879709724,0.4124087454411053,3.2806247137065756e-06,3.280624711315743e-06,0.003403730357997474,0.022842182722856055,0.07626422838130337,3.280624708210309e-06,0.0004959930244881809,0.011228682871990343,0.10570658327534344,3.2806247097673654e-06,0.005011277775748839,0.0037979863279999164,0.00032938612806093944,3.2806247091256172e-06,0.0399138382762017,3.280624710572049e-06
41,The Red Room,Herbert George Wells,../data/gutenberg/Herbert George Wells___The Red Room.txt,0.014832116657676407,4.7664443565951184e-05,0.4295342324563874,0.06833573146829204,4.766444338801223e-05,4.766444376294746e-05,0.17300821794442528,4.766444321323613e-05,4.766444343404901e-05,4.7664443377635804e-05,4.766444311702289e-05,4.7664443087166854e-05,4.766444332752344e-05,4.7664443165668486e-05,4.766444344185374e-05,4.766444330332617e-05,4.766444322481188e-05,4.766444331120594e-05,4.766444321613979e-05,0.31357473482328224
42,"The Prose Works of Jonathan Swift, D.D., Volume 10",Jonathan Swift,"../data/gutenberg/Jonathan Swift___The Prose Works of Jonathan Swift, D.D., Volume 10.txt",1.0631738075982026e-06,0.13234184023401202,1.0631738046617037e-06,1.0631738042074541e-06,0.0051120526104152025,0.1728882899458931,1.0631738077390206e-06,1.0631738046708277e-06,1.0631738058606352e-06,1.063173805804073e-06,1.0631738080544076e-06,0.6881107901220004,1.0631738042153421e-06,1.0631738057328436e-06,1.0631738059119034e-06,1.0631738099675448e-06,1.0631738102167156e-06,1.0631738110615727e-06,0.0015310794805771671,1.0631738062444523e-06
43,The Jerusalem Sinner Saved,John Bunyan,../data/gutenberg/John Bunyan___The Jerusalem Sinner Saved.txt,0.02146328774190474,0.004724272316936021,5.273705401897637e-06,5.273705402561334e-06,5.2737054010730985e-06,5.2737054220093804e-06,5.273705420862219e-06,5.2737054070732775e-06,5.27370541148388e-06,5.273705400557789e-06,5.273705417369698e-06,0.009235151547500873,5.273705413846584e-06,5.27370542742855e-06,5.2737054112970894e-06,5.273705393763438e-06,5.273705419351882e-06,5.273705403734822e-06,0.9644929091071041,5.273705400017799e-06
44,The Adventures of Grandfather Frog,Thornton Waldo Burgess,../data/gutenberg/Thornton Waldo Burgess___The Adventures of Grandfather Frog.txt,1.0252204345726281e-05,1.0252204376129907e-05,1.0252204408802689e-05,0.32193166594184547,1.0252204328981765e-05,1.0252204372519895e-05,1.0252204398495892e-05,1.0252204450177743e-05,1.0252204679641521e-05,0.6778837943792051,1.0252204341090045e-05,1.0252204330658756e-05,1.025220438626031e-05,1.025220436413973e-05,1.0252204376177587e-05,1.0252204337698554e-05,1.0252204415907662e-05,1.0252204322145957e-05,1.0252204330244411e-05,1.0252204384456118e-05
45,Lectures on Evolution,Thomas Henry Huxley,../data/gutenberg/Thomas Henry Huxley___Lectures on Evolution.txt,8.147303430854519e-06,8.147303442820658e-06,8.147303456213793e-06,8.147303445948358e-06,8.147303459542701e-06,8.147303441922834e-06,8.147303441164374e-06,8.147303431423437e-06,8.14730344974249e-06,8.147303438384684e-06,8.147303424359875e-06,8.147303433853458e-06,8.147303447992404e-06,8.147303426788518e-06,0.9069185229538387,0.09293482558423422,8.1473034497177e-06,8.14730342592605e-06,8.14730344398624e-06,8.147303436798076e-06
46,The Woman Who Did,Grant Allen,../data/gutenberg/Grant Allen___The Woman Who Did.txt,0.08162417321810225,3.832004994210817e-06,0.04510235429821672,3.832004988652749e-06,0.06468278242158712,3.832004989655599e-06,0.012907960350807067,3.832004992402352e-06,3.832004991979292e-06,0.033960019577819654,0.012489697878217633,0.006965579072449391,3.832004995855531e-06,3.832004991640263e-06,0.0064396802070491935,0.08347827712590691,0.21890112538213455,3.8320049958540315e-06,0.046976073462505596,0.3864416209652637
47,The Bickerstaff-Partridge Papers,Jonathan Swift,../data/gutenberg/Jonathan Swift___The Bickerstaff-Partridge Papers.txt,0.02939419253212895,0.34070309380012004,1.37211857909625e-05,0.04567527397742842,0.09947227714866973,0.01837792619042608,0.030457106718267946,1.3721185843176215e-05,1.3721185868017168e-05,1.3721185865671784e-05,1.3721185840295929e-05,0.2876287033717039,1.3721185795178484e-05,1.3721185806246114e-05,0.007963286150014421,1.3721185851672678e-05,1.372118585255901e-05,1.3721185838066565e-05,0.14017720706705852,1.3721185830051992e-05
48,"History of Friedrich II of Prussia, Volume 17",Thomas Carlyle,"../data/gutenberg/Thomas Carlyle___History of Friedrich II of Prussia, Volume 17.txt",0.006918626427566381,4.4080050394132015e-06,0.01393789046828118,0.017902282877653233,4.408005037188414e-06,4.408005040856941e-06,0.05539358487123587,4.408005035152088e-06,4.408005038131707e-06,4.408005045579499e-06,4.408005038819714e-06,0.08043829532750475,4.408005039234624e-06,0.1480032392807585,4.408005036915624e-06,0.030124168122939606,0.003286899128674489,0.642072582873321,0.0018783505716700938,4.408005043562811e-06
49,In a Hollow of the Hills,Bret Harte,../data/gutenberg/Bret Harte___In a Hollow of the Hills.txt,4.333882389775271e-06,0.00905937720441899,0.3621855991470281,4.3338823839941095e-06,4.333882394913232e-06,4.333882388369044e-06,0.08633342996462587,0.021712844364504363,0.2333137088823923,4.333882383560245e-06,4.333882399123117e-06,4.33388240285787e-06,0.12903127690934976,4.333882387270575e-06,4.33388240482556e-06,4.333882396973559e-06,4.3338823910498186e-06,4.333882399978073e-06,4.333882394845451e-06,0.15830742305656315
50,The Trembling of the Veil,William Butler Yeats,../data/gutenberg/William Butler Yeats___The Trembling of the Veil.txt,2.5061401031956705e-06,0.00022138323976683184,0.0019678744772272513,0.03605943913895844,0.2086914686332979,0.05346321321949554,0.04468098510457569,2.5061401001841363e-06,0.008721637988295627,0.016485094959749445,2.506140100929379e-06,0.007829096005426877,2.5061401018888795e-06,2.506140099776887e-06,0.000259357945350948,0.39575081099511145,0.022059788600441253,2.5061401012445762e-06,0.016884697905636105,0.18691011494605947
51,Letters of Ulysses S. Grant,Ulysses Grant,../data/gutenberg/Ulysses Grant___Letters of Ulysses S. Grant.txt,5.499945153675658e-06,5.499945128583193e-06,0.000835144698548906,5.499945140949497e-06,5.499945137855399e-06,5.49994511866379e-06,5.499945112980272e-06,0.014209475946809269,5.499945128555339e-06,5.499945123981485e-06,0.08656341539894148,0.35944420853039444,5.499945130335805e-06,0.2779716115023974,5.499945115462659e-06,0.010997607211163307,0.21481264428943755,0.035099893080749796,5.499945139758838e-06,5.499945127046768e-06
52,Dickens in Camp,Bret Harte,../data/gutenberg/Bret Harte___Dickens in Camp.txt,8.787346462972424e-05,8.787346421351141e-05,0.17547948771798444,8.787346443268487e-05,0.487610306573906,8.787346430681032e-05,8.787346396827403e-05,8.787346427927313e-05,8.787346447824401e-05,8.787346423853385e-05,8.787346428990297e-05,8.787346405231543e-05,0.07992507628509914,8.787346430374464e-05,8.787346386159607e-05,0.2555791539956408,8.787346391163498e-05,8.787346448631327e-05,8.787346360606843e-05,8.787346431103701e-05
53,Grandfather's Chair,Nathaniel Hawthorne,../data/gutenberg/Nathaniel Hawthorne___Grandfather's Chair.txt,2.6693716933186258e-06,2.669371693277661e-06,2.6693716900139682e-06,0.0015437330589635565,0.04725806767624647,0.17776878965067497,0.20559852589792268,2.669371683738889e-06,2.6693716891657837e-06,0.10305670728091125,0.020110337971902207,0.1948992567835549,0.08472611858514006,0.056694848426761674,2.6693716852389716e-06,0.002031482886502615,2.6693716924159245e-06,0.08386829606583807,0.02242248074206199,2.669371692199752e-06
54,Aunt Jane's Nieces Abroad,Lyman Frank Baum,../data/gutenberg/Lyman Frank Baum___Aunt Jane's Nieces Abroad.txt,2.7294066850784794e-06,3.6474101199196006e-05,0.07870695377394889,2.7294066914149965e-06,2.729406689693657e-06,0.06126750481008309,0.10130140912280794,0.13727521739187382,0.08544226648207517,0.10118719650996387,0.02583644789933768,2.7294066879804426e-06,0.0120372881768321,0.01076462616171723,2.7294066903672472e-06,2.7294066895974522e-06,0.11524057047680931,0.11150168838535908,2.729406680535275e-06,0.15938325086117794
55,A Likely Story,William Dean Howells,../data/gutenberg/William Dean Howells___A Likely Story.txt,1.79083097536594e-05,0.21459000117812646,1.7908309805434807e-05,1.790830984507811e-05,0.09927405736710254,1.7908309765752642e-05,1.7908309801032418e-05,1.7908309903347188e-05,0.3577025182709104,0.003445156129901136,0.006263591302058486,1.7908309792907546e-05,1.7908309796269426e-05,1.7908309861008365e-05,1.7908309752169893e-05,0.07005997538287277,0.22296614846175314,1.790830988110361e-05,1.7908309750460384e-05,0.025483652189566837
56,Recollections of Europe,James Fenimore Cooper,../data/gutenberg/James Fenimore Cooper___Recollections of Europe.txt,1.3343652685225694e-06,0.25783566691807897,1.3343652726269229e-06,1.3343652738936007e-06,0.000954815714231331,6.180644037011373e-05,0.10363268401514399,1.334365271643719e-06,1.3343652721405413e-06,1.3343652731351812e-06,0.14309251292931907,0.06031471131105327,1.334365273850845e-06,0.051351763582477804,0.058371835268892946,0.048091305568770455,1.3343652741097684e-06,0.2601877202081727,1.3343652682651087e-06,0.01609316875604092
57,The Adventures of Unc' Billy Possum,Thornton Waldo Burgess,../data/gutenberg/Thornton Waldo Burgess___The Adventures of Unc' Billy Possum.txt,1.1392116802096192e-05,1.13921167933753e-05,1.1392116874686284e-05,0.501765771604722,1.1392116757222199e-05,1.1392116814416208e-05,1.1392116824003164e-05,0.07870907131209577,1.1392116921912958e-05,0.41933149109755763,1.1392116743522436e-05,1.13921167475029e-05,1.1392116845772316e-05,1.1392116807085394e-05,1.1392116740889954e-05,1.1392116748252154e-05,1.139211686669609e-05,1.1392116748639887e-05,1.1392116762763028e-05,1.139211682595343e-05
58,Peter Ruff and the Double Four,Edward Phillips Oppenheim,../data/gutenberg/Edward Phillips Oppenheim___Peter Ruff and the Double Four.txt,1.4959758513209161e-06,1.4959758591879299e-06,0.08802880488557784,1.4959758553345597e-06,1.4959758512451224e-06,0.0028470576695589,0.4940328795591463,0.0005618433544889327,0.0127587185586404,0.1245850911970204,0.012283070787550315,0.00876938832579856,1.495975856523481e-06,0.012921045019805604,1.4959758571243895e-06,1.4959758594860226e-06,0.010217349452800489,1.4959758591437133e-06,1.4959758522804226e-06,0.23298128740691046
59,The Awkward Age,Henry James,../data/gutenberg/Henry James___The Awkward Age.txt,1.5420200774654735e-06,0.008560629425944568,1.5420200798571848e-06,1.5420200777739146e-06,1.5420200817544384e-06,1.5420200817589997e-06,1.5420200827834653e-06,1.54202008030689e-06,1.5420200822687403e-06,1.5420200812320361e-06,1.542020080174627e-06,1.5420200828266023e-06,1.5420200831447303e-06,1.5420200792874011e-06,0.010745268096718648,1.5420200810482727e-06,0.18769602478613104,1.5420200788681986e-06,1.5420200786431407e-06,0.7929734053699166
60,A Boy's Town,William Dean Howells,../data/gutenberg/William Dean Howells___A Boy's Town.txt,2.408245888971396e-06,0.0007766063409201572,2.4082458888384217e-06,0.2433751767705282,0.060375357037203876,0.007777853424542243,2.4082458900383514e-06,0.21501467314715234,2.4082458886521473e-06,0.26579746730508647,0.018535301961519157,0.03564899348161444,0.010642692559014356,0.005704748587933538,2.4082458869353894e-06,0.0545926916237904,2.4082458898508353e-06,0.02395155777697523,0.02197597845585857,0.03581645205252792
61,Burke's Speech on Conciliation with America,Edmund Burke,../data/gutenberg/Edmund Burke___Burke's Speech on Conciliation with America.txt,4.594321533483489e-06,4.5943215274556004e-06,4.59432152865608e-06,4.594321528258704e-06,0.056514723943837004,4.594321529686515e-06,4.594321526117529e-06,4.594321505582156e-06,4.594321522121333e-06,4.594321513459282e-06,0.0384399042927842,0.8444062721913531,4.594321523139748e-06,4.594321521908295e-06,0.00046755925164767496,0.0601026254975173,4.594321524871807e-06,4.594321524382959e-06,4.594321523014319e-06,4.594321528570799e-06
62,The Protector,Harold Bindloss,../data/gutenberg/Harold Bindloss___The Protector.txt,2.278631055685404e-06,0.02313031517933752,0.7689667238344824,0.029919836815364233,2.2786310474262047e-06,2.2786310498398323e-06,2.2786310498011915e-06,0.0016294059283265272,2.27863105328653e-06,2.2786310520368456e-06,0.02244370409846278,2.278631051566046e-06,2.2786310539164053e-06,0.025444126349819882,0.00028853933872189145,2.2786310541220497e-06,0.09179199600855391,2.27863105305081e-06,2.2786310506804244e-06,0.03636028750535953
63,The Mob,John Galsworthy,../data/gutenberg/John Galsworthy___The Mob.txt,0.12315715620769135,1.1200717095259603e-05,0.05400134391580672,0.013532634284638157,1.1200717091505138e-05,0.00015372837423668667,0.034227180056649605,1.1200717094258762e-05,0.459260450169283,1.1200717107030884e-05,1.1200717099310341e-05,0.027011887087106758,1.1200717096713459e-05,0.022336843488915556,1.1200717048960375e-05,1.120071712253447e-05,1.1200717120200132e-05,1.120071709167456e-05,0.039650378899676875,0.22655639034502784
64,Castle Richmond,Anthony Trollope,../data/gutenberg/Anthony Trollope___Castle Richmond.txt,0.02084465026872815,0.0014640272803873003,0.00829426640293165,0.02775764046425084,1.0646226158611942e-06,0.015191426775566638,0.001744132224006706,0.0006182217858271473,0.02800844601631674,1.0646226159001859e-06,0.016512351665241783,0.007867880976483733,0.0006888108611871332,1.0646226147675186e-06,1.0646226174223466e-06,1.0918170307759337e-06,0.8423826136465016,1.06462261686386e-06,0.028610546368957067,8.570333501941787e-06
65,Tancred,Benjamin Disraeli,../data/gutenberg/Benjamin Disraeli___Tancred.txt,0.04473495810959992,0.1265702479286339,1.0542518224694483e-06,1.0542518202892903e-06,0.005571024329262841,0.009731516973150979,0.18545236848699134,1.0542518187589764e-06,1.0542518208565103e-06,1.0542518224202983e-06,0.006494006366744239,0.041643144867666626,0.05385960541787489,1.0542518219163474e-06,0.012243463254387549,0.04209370531318253,0.05243361994591511,0.3122013290366776,0.05870095901240485,0.048263725446580794
66,The Duke's Children,Anthony Trollope,../data/gutenberg/Anthony Trollope___The Duke's Children.txt,1.0636487667438043e-06,4.424400705636447e-05,1.0636487664301311e-06,0.00898254329402656,1.0636487663253256e-06,0.003128771093217094,1.0636487654184798e-06,0.0024140147456930727,1.0636487660725777e-06,1.06364876553259e-06,0.003255793289231402,0.05007497029370486,0.0018488119861157439,4.662510497610227e-05,1.0636487668650931e-06,0.005029938087567936,0.9241185365775146,1.0636487658989544e-06,0.0007080217675580711,0.0003392205632088412
67,The Adventure of the Bruce-Partington Plans,Sir Arthur Conan Doyle,../data/gutenberg/Sir Arthur Conan Doyle___The Adventure of the Bruce-Partington Plans.txt,1.68690961511136e-05,0.0012257971432771872,0.10322068204767047,1.686909618877644e-05,1.6869096149801554e-05,1.686909625118627e-05,0.14734756205638927,1.6869096216569347e-05,0.0995927986823489,1.686909617906714e-05,0.03477879888284525,0.026278478637250163,1.686909616783915e-05,0.09877611616390858,0.02399653162578758,0.05616122380093631,0.003225757716585063,1.686909619996939e-05,1.6869096126306493e-05,0.40524443137737065
68,The Book of Dreams and Ghosts,Andrew Lang,../data/gutenberg/Andrew Lang___The Book of Dreams and Ghosts.txt,0.0238175133659462,0.20867111941222963,0.00445364116931691,0.06340461968177849,2.1703273356523928e-06,0.037329447498589824,0.10361221712211074,2.1703273377394743e-06,0.051326960840855765,0.07508860486766182,2.170327327101511e-06,2.170327332755527e-06,0.0014707475750047768,0.013970179394157478,0.015533249334403728,0.2918038031021272,0.10636042222445456,2.170327337191515e-06,0.002166895044485456,0.0009797277302071548
69,Villa Rubein and Other Stories,John Galsworthy,../data/gutenberg/John Galsworthy___Villa Rubein and Other Stories.txt,0.0002796700862263568,1.9728535758238277e-06,0.11618566632442726,0.144204068373059,0.0013301090902359987,0.0029331149743266763,0.11698890773757502,0.0006676511656242142,0.1510400419475829,0.1819231186191354,1.9728535720932985e-06,1.972853572290401e-06,1.972853579463169e-06,1.972853581608926e-06,1.9728535741302158e-06,1.9728535804536755e-06,0.0037328124188845497,0.0006018819830353057,0.03757007542420508,0.24252907188064632
70,The Tale of Samuel Whiskers,Beatrix Potter,../data/gutenberg/Beatrix Potter___The Tale of Samuel Whiskers.txt,5.688282205257401e-05,5.688282254768153e-05,5.688282226348091e-05,0.18113476103439854,5.6882822636173396e-05,5.688282232678046e-05,5.6882822663818884e-05,0.07589461774604198,0.03777781248940477,0.7042826835705053,5.6882823026243534e-05,5.6882823118547235e-05,5.688282220898596e-05,5.6882822265311404e-05,5.6882822466088855e-05,5.6882822509459313e-05,5.688282268398174e-05,5.688282245241366e-05,5.6882822155641285e-05,5.688282227224807e-05
71,Inn of Tranquility and Other Essays,John Galsworthy,../data/gutenberg/John Galsworthy___Inn of Tranquility and Other Essays.txt,0.01337673394584889,1.04405932604285e-05,0.11737469971320923,0.3069283866238494,1.0440593280765959e-05,1.0440593289661289e-05,1.1949367274757919e-05,1.0440593235438126e-05,0.011483824543278176,0.12014912113941677,0.006649102202678966,1.0440593284613957e-05,1.0440593282958697e-05,1.0440593253552186e-05,0.021068797412381542,1.0440593283663964e-05,1.0440593264851382e-05,1.0440593271301904e-05,0.09413888310629118,0.3087140960130637
