,book_title,author_name,book_location,topic_1,topic_2,topic_3,topic_4,topic_5,topic_6,topic_7,topic_8,topic_9,topic_10,topic_11,topic_12,topic_13,topic_14,topic_15,topic_16,topic_17,topic_18,topic_19,topic_20
0,Behind the Beyond,Stephen Leacock,../data/gutenberg/Stephen Leacock___Behind the Beyond.txt,6.128202139913798e-06,6.12820211997968e-06,6.128202134113582e-06,0.030121963103341108,0.0022979384304233244,6.1282021349606035e-06,0.15612189449517608,0.004375800053665965,0.3173216341252598,0.07686243165865982,0.02408875567955116,6.12820212828559e-06,6.128202118713909e-06,6.128202132672561e-06,6.12820211717119e-06,0.12593569697240828,6.128202135145877e-06,0.10244578723315072,6.12820212918403e-06,0.1603668162270736
1,Tommy and Co,Jerome Klapka Jerome,../data/gutenberg/Jerome Klapka Jerome___Tommy and Co.txt,3.0829942723156014e-06,0.02616763621254345,3.0829942741027834e-06,3.082994265037429e-06,3.0829942700769666e-06,3.082994275259398e-06,0.03687318588945405,0.006403392549700793,0.37365907882756394,0.18408263284292126,0.003894340857181478,3.0829942792931764e-06,3.0829942689606534e-06,3.0829942728793616e-06,0.00412469836556288,0.05119280877469621,0.18141725298705066,3.082994275613612e-06,3.082994278503682e-06,0.13215414275059326
2,Winsome Winnie and other New Nonsense Novels,Stephen Leacock,../data/gutenberg/Stephen Leacock___Winsome Winnie and other New Nonsense Novels.txt,0.0003530396763456653,0.0237344743714398,0.0661055808766435,0.10706142851199077,4.469473600538658e-06,0.048937984463438826,0.20531331867608799,0.0039030407282803865,0.1323161836151967,0.0377896816511416,0.008678427584364703,0.00899350767861728,0.006023242116942637,0.03708244025429222,4.469473602817645e-06,0.10331583711709612,0.05379549179263177,4.469473597750768e-06,4.46947359173157e-06,0.1565784429910971
3,The Moccasin Ranch,Hamlin Garland,../data/gutenberg/Hamlin Garland___The Moccasin Ranch.txt,8.877841102002046e-06,8.877841071454604e-06,0.4335070771984615,0.08454332682112292,0.05110331675187585,8.877841091923563e-06,0.023939278920244507,8.877841143022874e-06,0.22274983832810386,0.11338575393795129,8.877841085499013e-06,8.877841133704944e-06,0.06777584599689579,8.87784112310809e-06,8.877841110839496e-06,8.877841103825698e-06,8.87784111113883e-06,8.877841114041321e-06,8.877841115708326e-06,0.0028890279520380237
4,Three Ghost Stories,Charles Dickens,../data/gutenberg/Charles Dickens___Three Ghost Stories.txt,8.887309154418972e-06,0.03394109516405254,0.003979205602894695,0.06463846551715323,8.88730914783668e-06,8.887309132736224e-06,0.51943676296817,8.887309141520757e-06,0.07497060489232214,0.012776814644610137,0.015294706881524359,0.012107759181694001,0.015163404479491528,0.008985730389871922,0.06456967646264393,0.017561660246237384,0.017421770454222933,0.02550765584771467,0.012846639952628828,0.1007624980781914
5,The Man with Two Left Feet,P G Wodehouse,../data/gutenberg/P G Wodehouse___The Man with Two Left Feet.txt,2.7873788161371435e-06,0.04532609631699037,0.003555601949809931,0.025817372457064246,2.7873788160544583e-06,0.0001690532972358735,2.787378812155866e-06,0.049942207966522205,0.3934891760857087,0.12244223483178643,2.7873788181451347e-06,2.787378816667006e-06,2.7873788165849038e-06,2.7873788198722336e-06,0.0019121551153970452,0.02867911326006634,0.03084930459396288,2.787378810085569e-06,2.787378810958678e-06,0.2977925977161193
6,"Essays: Scientific, Political, & Speculative, Volume I",Herbert Spencer,"../data/gutenberg/Herbert Spencer___Essays: Scientific, Political, & Speculative, Volume I.txt",9.485866289154497e-07,9.48586627722997e-07,9.485866283786717e-07,9.485866260139458e-07,9.485866292956876e-07,9.485866289837234e-07,9.485866273902813e-07,9.485866230333907e-07,9.485866239371991e-07,9.485866243331649e-07,0.1432065438876982,0.0005718456513406203,0.0019298845710066018,9.485866266968275e-07,0.7750520709383205,0.07688253612566645,9.485866242111659e-07,9.485866287064065e-07,0.0023438386131920926,9.485866278263261e-07
7,The Lady of the Aroostook,William Dean Howells,../data/gutenberg/William Dean Howells___The Lady of the Aroostook.txt,2.693240031094857e-06,2.693240031336333e-06,0.0006597281816885456,0.10821983180518763,2.693240029566593e-06,0.001849833165619248,0.0007650223720750728,0.011438079645418688,0.1291992433886744,0.06405247321081489,2.6932400291025915e-06,2.6932400288533593e-06,2.6932400303115633e-06,0.01682932433084735,2.693240030179015e-06,2.6932400335198785e-06,0.14451826056584421,0.01729982790098143,0.0014758726995560832,0.5036709568130485
8,Tarzan the Untamed,Edgar Rice Burroughs,../data/gutenberg/Edgar Rice Burroughs___Tarzan the Untamed.txt,0.008066660057431011,1.5462642565848293e-06,0.629723599497123,0.0045165271776671165,1.5462642600953038e-06,0.026588132274611508,1.5462642598489906e-06,1.5462642560264027e-06,1.5462642581501636e-06,1.5462642626936e-06,1.5462642596013199e-06,1.5462642575993679e-06,0.25179977973261025,0.054548877353189335,0.019770107249606463,1.546264261033976e-06,1.5462642538597505e-06,0.004967761486652272,1.5462642629662768e-06,1.546264260738918e-06
9,Diary of a Pilgrimage,Jerome Klapka Jerome,../data/gutenberg/Jerome Klapka Jerome___Diary of a Pilgrimage.txt,4.3813530682730314e-06,4.38135306959738e-06,4.381353065075293e-06,0.07996290177867389,0.00034637185257705176,0.004121370437485935,0.06817194959231027,0.0002637893486476085,0.22959954339166527,0.08059354902979277,0.04444085439718691,4.381353053780115e-06,4.381353068327678e-06,0.01163879942394535,4.381353069040238e-06,0.06774104094501646,0.020515319918518092,0.16629431512392778,0.026319892533370703,0.1999640141084879
10,Rinkitink in Oz,Lyman Frank Baum,../data/gutenberg/Lyman Frank Baum___Rinkitink in Oz.txt,0.03616259920714161,3.5114826201819467e-06,0.01789372191493951,0.02686000314058575,3.511482621896917e-06,0.36189350558206773,3.5114826261842733e-06,0.0008314440291553731,3.511482622922149e-06,0.4488245155965833,3.5114826292485366e-06,3.5114826322966172e-06,0.10748856125539638,3.511482619074825e-06,3.511482638691593e-06,3.5114826256818392e-06,3.511482617197761e-06,3.5114826319044812e-06,3.511482619064784e-06,3.5114826257841616e-06
11,The Great Keinplatz Experiment and Other Tales of Twilight and the Unseen,Sir Arthur Conan Doyle,../data/gutenberg/Sir Arthur Conan Doyle___The Great Keinplatz Experiment and Other Tales of Twilight and the Unseen.txt,0.06480532297790875,0.01358421876513682,0.15487084118313,0.11077214058714759,2.7656397565763967e-06,0.0006676748287270365,0.2696916344340685,0.009228954935006483,0.11180033428805161,2.7656397574821235e-06,2.7656397572476732e-06,2.765639758256238e-06,0.007819112504580426,0.018602327996087735,0.03668449437336405,0.07634560034303756,2.7656397585834764e-06,0.00037636031405322,0.010140331353271012,0.11459682291764109
12,On the Origin of Species by Means of Natural Selection or the Preservation of Favoured Races in the Struggle for Life. (2nd edition),Charles Darwin,../data/gutenberg/Charles Darwin___On the Origin of Species by Means of Natural Selection or the Preservation of Favoured Races in the Struggle for Life. (2nd edition).txt,9.526350047219394e-07,9.526350052811204e-07,9.52635005109202e-07,9.526350063544219e-07,9.526350038167394e-07,9.526350081644159e-07,9.526350035536436e-07,9.526350045856117e-07,9.526350026529231e-07,9.526350049325923e-07,9.526350078949689e-07,9.526350062927109e-07,9.526350064525377e-07,9.526350075688357e-07,0.9999818999348965,9.526350057955667e-07,9.526350050018133e-07,9.526350056201085e-07,9.52635004837248e-07,9.526350049056955e-07
13,Is Shakespeare Dead?,Mark Twain,../data/gutenberg/Mark Twain___Is Shakespeare Dead?.txt,8.019246394874361e-06,0.06826821819931213,8.019246386876397e-06,0.10244113596770954,0.011017427937946632,8.019246390982912e-06,8.01924637335978e-06,0.02462391897224521,0.04593516271335899,8.019246392363181e-06,0.0915829914743544,0.06390284982186015,8.019246369934e-06,8.019246389346524e-06,8.019246391809274e-06,0.5305439015498755,0.02256541063875197,0.03457474884838017,0.0044720606587331435,8.01924638253391e-06
14,The Irrational Knot,George Bernard Shaw,../data/gutenberg/George Bernard Shaw___The Irrational Knot.txt,1.7064846841386491e-06,0.041178052233443625,1.7064846821390642e-06,1.7064846809945336e-06,1.7064846837693057e-06,1.7064846823399959e-06,0.12520000407533335,1.7064846813627606e-06,0.09504056863619838,0.0025697914126427217,0.03960053813940781,0.000778618549667645,1.7064846811109705e-06,1.7064846798994743e-06,1.7064846821572313e-06,0.03249376030820701,0.3567839550717628,1.7064846804704832e-06,0.027162626579518723,0.27917502014699946
15,A Garland for Girls,Louisa May Alcott,../data/gutenberg/Louisa May Alcott___A Garland for Girls.txt,2.4017677514293843e-06,2.401767760205802e-06,0.00024153890411929998,0.00604108408628592,0.04927256310696258,2.4017677562627153e-06,0.015283922926465843,2.4017677605468804e-06,0.05113136808206434,0.6624912862661418,2.4017677562818684e-06,2.4017677501580967e-06,2.40176775715975e-06,2.401767764571976e-06,2.401767745071867e-06,0.014572871841355878,0.15407327718666836,2.401767759687143e-06,2.4017677580051836e-06,0.0468656681546166
16,Mercedes of Castile,James Fenimore Cooper,../data/gutenberg/James Fenimore Cooper___Mercedes of Castile.txt,0.23649003965458915,0.1880953110919416,8.676036986613694e-07,0.019303115194201602,0.016747497922461215,0.023206256696984433,8.6760369857101e-07,8.676036983770899e-07,8.676036974412005e-07,8.676036965320695e-07,0.0025366062088346872,0.18154082822964757,0.19229596861737114,0.0192994265613159,0.02775437970443551,8.676036988556904e-07,0.006939165915182841,0.013607872247461777,0.05591113919179834,0.0162671871415858
17,The Hermits,Charles Kingsley,../data/gutenberg/Charles Kingsley___The Hermits.txt,0.17242291419634836,0.0010213557080922299,1.8924340899176886e-06,0.057429398479094375,0.005829558943607705,0.0696779400265878,1.8924340904690314e-06,1.8924340864510436e-06,1.8924340854493596e-06,1.8924340925911666e-06,1.8924340911600026e-06,4.413844498969177e-05,0.006255828651142253,1.8924340927338345e-06,0.0038847626731101834,0.054554221425104014,1.89243409211219e-06,0.1198466721376228,0.5090161774074894,1.892434090427278e-06
18,Prince Ricardo of Pantouflia,Andrew Lang,../data/gutenberg/Andrew Lang___Prince Ricardo of Pantouflia.txt,0.24875745326847193,0.038942854081337325,7.395355885919242e-06,0.0037778085926562406,7.395355884302295e-06,0.11020145234195403,0.05340995254823173,0.09122440048584428,7.3953558779408515e-06,0.37647559696255806,7.395355909328205e-06,7.39535589445737e-06,7.395355886625849e-06,7.395355874458859e-06,7.395355909415111e-06,0.032564249328297,7.410505694027444e-06,0.04454993334915367,7.39535589060147e-06,2.2330332788708653e-05
19,"The Hall of Fantasy (From ""Mosses From An Old Manse"")",Nathaniel Hawthorne,"../data/gutenberg/Nathaniel Hawthorne___The Hall of Fantasy (From ""Mosses From An Old Manse"").txt",3.436426196090921e-05,3.436426197959993e-05,3.436426200589233e-05,3.43642618039317e-05,0.3927799178612861,3.436426179963455e-05,0.07539503091458823,3.4364261924567896e-05,3.4364261853815396e-05,3.436426189104199e-05,0.10456553068179915,3.43642619264281e-05,3.436426203000183e-05,3.436426175510275e-05,0.026792604766911133,0.10959768200213935,3.436426186223581e-05,0.16347462934652712,3.436426204404588e-05,0.1269478690219118
20,From Twice Told Tales,Nathaniel Hawthorne,../data/gutenberg/Nathaniel Hawthorne___From Twice Told Tales.txt,0.13556582559699182,0.007875386186400666,0.0074298733381462515,1.7352073972385166e-06,0.21237817991183483,1.735207398751865e-06,0.285578682069226,1.7352073941325635e-06,1.7352073980674277e-06,0.06095282325068081,1.735207399866715e-06,0.054869672387745455,0.09417660902748413,1.7352073982307166e-06,0.004728179133808988,1.7352073983236857e-06,1.7352073953163752e-06,0.10350741006610256,0.01960510463970163,0.0133183727326969
21,Biographia Literaria,Samuel Taylor Coleridge,../data/gutenberg/Samuel Taylor Coleridge___Biographia Literaria.txt,1.1447672948047353e-06,0.14238191077192258,1.144767297275056e-06,1.1447672964805506e-06,0.23109943480425074,1.1447672955616113e-06,0.0026843281938007993,1.1447672986538412e-06,1.1447672989752032e-06,1.1447672947497565e-06,0.08245621782215264,0.05346193194589823,0.000893342640323491,1.144767295262267e-06,0.12156100959918494,0.36026733652528375,1.1447672963196251e-06,1.1447672961958698e-06,0.004804063374700921,0.000378976649517661
22,They of the High Trails,Hamlin Garland,../data/gutenberg/Hamlin Garland___They of the High Trails.txt,0.003996254079183069,1.74544443274875e-06,0.3934137472875211,1.7454444311863377e-06,4.5624310053373034e-05,1.7454444327195114e-06,1.74544443119924e-06,0.07148740763222156,0.2308177616793167,0.05361276899250873,1.7454444313561079e-06,0.014573858800326352,0.13162931687458887,0.000807570981581502,1.7454444325163054e-06,1.745444431513124e-06,0.00703340863399666,1.745444430595323e-06,0.0037357951399674162,0.08883252203328071
23,The Crime of the Congo,Sir Arthur Conan Doyle,../data/gutenberg/Sir Arthur Conan Doyle___The Crime of the Congo.txt,3.3042559589508097e-06,3.3042559515216256e-06,0.017032036566465018,0.017327377943205314,3.304255949918951e-06,0.04795118090033033,3.30425596101572e-06,3.304255958690946e-06,3.304255958588331e-06,3.3042559565843644e-06,0.20527715168673477,0.3370697871009968,0.07858390883926201,0.21552312130861806,0.0020148598565168973,0.06650569314181254,3.304255956451374e-06,0.008318497137493906,0.0018734574469974413,0.002496494023915142
24,King Solomon's Mines,Henry Rider Haggard,../data/gutenberg/Henry Rider Haggard___King Solomon's Mines.txt,0.31080206828948354,2.214839476037761e-06,0.09393682024964961,0.21772561318800734,2.2148394778038045e-06,0.0006556184212088655,0.01650444793007829,2.214839476274433e-06,2.214839477651247e-06,0.01135159059132833,2.214839475892817e-06,2.214839474941103e-06,0.19631098503249664,0.09460853024632,0.02976232828514165,0.009245685312151152,2.2148394789007346e-06,0.011272034518225246,0.0031360390777698116,0.004672734981801909
25,The Doctor's Dilemma,George Bernard Shaw,../data/gutenberg/George Bernard Shaw___The Doctor's Dilemma.txt,0.011848827368409986,6.0110604881745936e-06,6.011060481867052e-06,6.011060501161228e-06,6.011060481759401e-06,6.011060482389192e-06,0.17964175728517248,6.011060499727045e-06,0.15491829564728696,6.0110604977248265e-06,0.00483652546848446,6.011060480182506e-06,6.011060479515215e-06,6.011060481677416e-06,6.011060501033087e-06,0.1720772676222313,0.41959506213720155,6.011060499070148e-06,0.012787542317019033,0.0442225894283201
26,The Kingdom of the Blind,Edward Phillips Oppenheim,../data/gutenberg/Edward Phillips Oppenheim___The Kingdom of the Blind.txt,2.601321527827508e-06,2.6013215320553466e-06,0.06967116849131205,2.601321535395148e-06,2.601321517660687e-06,2.6013215343871834e-06,0.18740447260765702,0.0035107342997619823,0.11488867953334242,2.6013215309878606e-06,2.6013215255062458e-06,2.6013215360051726e-06,2.601321524178827e-06,0.2295470194902136,2.601321525443448e-06,2.601321530243959e-06,0.018256340554496518,2.601321523981771e-06,2.6013215233443555e-06,0.3766877678433493
27,A Miscellany of Men,G K Chesterton,../data/gutenberg/G K Chesterton___A Miscellany of Men.txt,0.008116733333693957,3.1885722337185667e-06,3.188572233975447e-06,0.0934274354054395,0.012999965032076042,0.007016396014300334,0.0020417131181100904,3.1885722256983585e-06,0.0008228286803424001,0.058355438677696395,0.06823512572429583,0.014696260479590467,3.1885722300911294e-06,3.188572232742433e-06,0.008194041011920151,0.4756002065742052,3.1885722308394195e-06,0.07216194257879371,0.0757027568378708,0.10261002509827825
28,Amos Kilbright; His Adscititious Experiences,Frank Richard Stockton,../data/gutenberg/Frank Richard Stockton___Amos Kilbright; His Adscititious Experiences.txt,6.5402224947961095e-06,0.046233133904335796,6.54022251144804e-06,0.026567089658470194,6.540222508147924e-06,6.540222509621855e-06,6.540222514084051e-06,0.08741191688224587,0.37142645303858146,0.10072107525968373,0.13621664715020568,0.005106247975668151,0.08530124586410093,6.540222509539146e-06,0.015113705136112298,0.011318164348273867,0.08391628262167626,0.01903268640936773,0.011589570193709582,6.540222520871415e-06
29,"Prize Money, Sailor's Knots, Part 10",William Wymark Jacobs,"../data/gutenberg/William Wymark Jacobs___Prize Money, Sailor's Knots, Part 10.txt",4.038772288703126e-05,4.038772273259952e-05,4.0387722697956083e-05,4.038772278841202e-05,4.0387722638185224e-05,4.038772281602551e-05,4.038772282537107e-05,4.038772329067058e-05,0.9992326332677004,4.0387722943542295e-05,4.0387722618320905e-05,4.038772257676546e-05,4.0387722681371e-05,4.038772281141979e-05,4.03877226188286e-05,4.03877226144848e-05,4.03877228569433e-05,4.038772266556583e-05,4.0387722600632127e-05,4.038772263582676e-05
30,Leo the Circus Boy,Edward Stratemeyer,../data/gutenberg/Edward Stratemeyer___Leo the Circus Boy.txt,4.07996745997634e-06,4.079967455991333e-06,0.009648694732478072,0.03418834332279861,4.079967461959069e-06,0.020384308484392943,0.045268878537394426,0.7786460421531599,0.04290539764960803,0.010719207942006755,0.011847546985793097,4.079967460781417e-06,0.034514493500500655,0.0005263376968236449,0.007610922680959518,0.003351488812167343,4.0799674543924725e-06,4.079967462621685e-06,4.0799674587815965e-06,0.0003597777297023911
31,Tik-Tok of Oz,Lyman Frank Baum,../data/gutenberg/Lyman Frank Baum___Tik-Tok of Oz.txt,0.034546178102406705,3.5536603450174226e-06,0.053152121424632,3.5536603521122815e-06,3.553660347373366e-06,0.10135612725977731,3.553660353907004e-06,3.5536603540789082e-06,3.553660351963061e-06,0.6636679952354909,3.5536603500673598e-06,0.010248793465307972,0.06403497167856745,0.05892602135606372,0.014025147553563695,3.5536603408769867e-06,3.5536603423540342e-06,3.5536603532205767e-06,3.5536603472659487e-06,3.5536603521299595e-06
32,The Great War Syndicate,Frank Richard Stockton,../data/gutenberg/Frank Richard Stockton___The Great War Syndicate.txt,4.199916081240522e-06,4.1999160858016125e-06,4.199916102649914e-06,0.10514017614770202,4.199916079379398e-06,4.199916094430149e-06,4.199916081506795e-06,4.199916078284266e-06,4.1999160772353794e-06,4.199916065200534e-06,0.030011985059479104,0.0885657657750996,4.199916100732567e-06,0.7223844538163601,0.0538346204600863,4.1999160943763625e-06,4.199916072408224e-06,4.199916091625187e-06,4.199916069947149e-06,4.1999160982655135e-06
33,The People of the Abyss,Jack London,../data/gutenberg/Jack London___The People of the Abyss.txt,0.02740656774745512,0.000506979404446868,0.0015340836565802393,0.22620049267034756,0.001034720113951355,0.044681879019836626,0.020248358917556532,2.711349776087939e-06,0.312005293896903,0.000932098764391958,0.2357746194307944,2.711349774776679e-06,2.7113497709888543e-06,0.019226649229566364,0.008252366979828356,0.016015812320327803,0.003576188145718254,0.0036427660531304948,0.04740613309595204,0.03154685650389126
34,Heartbreak House,George Bernard Shaw,../data/gutenberg/George Bernard Shaw___Heartbreak House.txt,0.004982790302226734,3.85059692593027e-06,3.8505969316669826e-06,0.047086297263870557,3.85059694111424e-06,3.85059693439941e-06,0.0011833962428159967,3.850596923907545e-06,0.22530095547881013,0.002894168778133373,0.04348989790585237,0.022534010406558773,3.850596926513226e-06,0.0606612467430862,3.8505969330286685e-06,0.1320362876625549,0.3113927125269385,3.850596935851184e-06,0.04692814784079642,0.10147928407290352
35,Maxims for Revolutionists,George Bernard Shaw,../data/gutenberg/George Bernard Shaw___Maxims for Revolutionists.txt,4.0096231931995856e-05,4.0096231829177075e-05,4.0096231783087715e-05,4.009623190078102e-05,4.009623179515487e-05,4.009623194048772e-05,0.055713980808565294,4.009623179491281e-05,4.009623188367511e-05,4.0096231890160994e-05,0.36886642591854557,0.08744232749405725,4.009623179812155e-05,4.00962319485165e-05,4.00962319791275e-05,0.25734178025403237,0.027264926124212042,4.009623183839225e-05,0.20280921215446043,4.009623181339432e-05
36,The Duenna,Richard Brinsley Sheridan,../data/gutenberg/Richard Brinsley Sheridan___The Duenna.txt,0.2849883387450296,0.049618275452222756,1.163331802930964e-05,1.1633318027824235e-05,0.09422453219098056,1.1633318087050965e-05,0.0840601638577798,1.1633318093313974e-05,1.1633318099030215e-05,0.007723788896493753,1.1633317996095439e-05,1.1633318051937597e-05,1.1633318098886687e-05,1.1633318024422913e-05,1.1633317990468103e-05,1.1633318004228582e-05,0.3957614953869691,1.163331804533045e-05,0.08347217233586547,1.1633318110867641e-05
37,Battle-Pieces and Aspects of the War,Herman Melville,../data/gutenberg/Herman Melville___Battle-Pieces and Aspects of the War.txt,0.14645462715810298,4.3614795004314585e-06,0.04476462673096412,0.09975848586068739,0.44331482374715364,4.361479513340337e-06,4.3614795102749554e-06,4.361479507390149e-06,4.361479516841957e-06,4.361479516699004e-06,4.361479517390237e-06,0.035824256800579254,0.0026590703475396493,0.22716741012132047,4.361479504267453e-06,4.361479511423019e-06,4.361479495835677e-06,4.361479518222528e-06,4.361479525172662e-06,4.36147951525482e-06
38,His Majesties Declaration Defended,John Dryden,../data/gutenberg/John Dryden___His Majesties Declaration Defended.txt,0.03261860499498715,0.14826779064854492,1.3517167081075988e-05,1.3517167109732395e-05,1.3517167139344843e-05,0.006448833247054648,1.3517167111826606e-05,1.3517167088542603e-05,1.3517167108805038e-05,1.3517167129050348e-05,1.3517167111190457e-05,0.7024654384727845,1.3517167051311883e-05,1.3517167044288982e-05,1.3517167077374228e-05,0.07420167105827799,1.351716712876468e-05,1.3517167059245167e-05,0.03580842123902886,1.3517167081328722e-05
39,The Rivals,Richard Brinsley Sheridan,../data/gutenberg/Richard Brinsley Sheridan___The Rivals.txt,0.08668030841743818,0.42780443322905615,5.605381274971069e-06,5.605381291465254e-06,0.04826010278910965,5.605381278490332e-06,5.605381298105476e-06,5.6053813057980406e-06,0.04852796509255199,5.60538129191956e-06,5.605381283208865e-06,5.605381280791621e-06,5.605381274036638e-06,5.6053812900896096e-06,5.60538128004695e-06,5.60538128202076e-06,0.38710793948817185,5.605381259204338e-06,0.0015407756456959133,5.605381285977781e-06
40,The God of His Fathers,Jack London,../data/gutenberg/Jack London___The God of His Fathers.txt,0.04576697414280971,3.2806247029063918e-06,0.27218809005493544,0.416705423535931,0.012455095513320252,3.280624705302226e-06,0.002470953524125473,0.017355471263205014,0.08415512996491412,3.2806247088581416e-06,0.002510606415107316,0.007731674022287751,0.09218908217343535,3.2806247095730302e-06,0.005718274541871696,3.2806247144920207e-06,3.280624713023194e-06,3.2806247072457987e-06,0.04058283444825404,0.00014742602684138733
41,The Red Room,Herbert George Wells,../data/gutenberg/Herbert George Wells___The Red Room.txt,0.012502704666336666,4.766444350649375e-05,0.31987856493169814,0.07558525749500997,4.7664443595876594e-05,4.766444361156572e-05,0.2209950999369655,4.7664443215784315e-05,4.7664443393609754e-05,4.7664443398048695e-05,4.766444319092478e-05,4.76644430602785e-05,4.7664443341841364e-05,4.7664443158703435e-05,4.766444344995809e-05,4.7664443248456e-05,4.7664443185786846e-05,4.766444335178553e-05,4.766444323196702e-05,0.37032340632004845
42,"The Prose Works of Jonathan Swift, D.D., Volume 10",Jonathan Swift,"../data/gutenberg/Jonathan Swift___The Prose Works of Jonathan Swift, D.D., Volume 10.txt",1.063173810994066e-06,0.20269371705153755,1.063173805932836e-06,1.0631738043160361e-06,1.0631738094657536e-06,0.12491944707051533,1.0631738072940348e-06,1.063173804736526e-06,1.063173805596058e-06,1.063173806075934e-06,1.063173807134491e-06,0.6706424743906504,1.0631738046213286e-06,1.0631738061438096e-06,1.0631738061914082e-06,1.0631738107699927e-06,1.063173809222721e-06,1.0631738093075492e-06,0.0017273507063826448,1.0631738062313557e-06
43,The Jerusalem Sinner Saved,John Bunyan,../data/gutenberg/John Bunyan___The Jerusalem Sinner Saved.txt,0.00474272119398257,0.007061810824621161,5.273705402942181e-06,5.273705407365693e-06,5.273705414887457e-06,5.273705427552201e-06,5.273705421686469e-06,5.273705407297661e-06,5.273705411292224e-06,5.273705401110187e-06,5.273705418265667e-06,0.00994133438618764,5.273705414966784e-06,5.273705425941876e-06,5.273705412311238e-06,5.273705393770257e-06,5.273705417868529e-06,5.273705402501e-06,0.9781697543086293,5.273705399626728e-06
44,The Adventures of Grandfather Frog,Thornton Waldo Burgess,../data/gutenberg/Thornton Waldo Burgess___The Adventures of Grandfather Frog.txt,1.0252204372554812e-05,1.025220439936739e-05,1.0252204417266433e-05,0.16827893249239972,1.0252204333736096e-05,1.0252204366051555e-05,1.025220440196385e-05,1.0252204449475136e-05,1.0252204451020297e-05,0.831536527828659,1.0252204393711155e-05,1.025220434402518e-05,1.0252204383424398e-05,1.0252204366496653e-05,1.0252204407599148e-05,1.0252204337756423e-05,1.0252204428851395e-05,1.0252204373400196e-05,1.025220433332593e-05,1.025220438139947e-05
45,Lectures on Evolution,Thomas Henry Huxley,../data/gutenberg/Thomas Henry Huxley___Lectures on Evolution.txt,8.147303444711365e-06,8.147303445290373e-06,8.14730346190499e-06,8.147303448851287e-06,8.147303434745846e-06,8.147303443177557e-06,8.147303451948556e-06,8.147303437907928e-06,8.147303454919387e-06,8.147303442105378e-06,8.147303441470711e-06,8.147303443066704e-06,8.147303453000507e-06,8.147303437287102e-06,0.9230947588648659,0.07675858967310929,8.14730345890902e-06,8.147303431630726e-06,8.147303449996107e-06,8.147303443954215e-06
46,The Woman Who Did,Grant Allen,../data/gutenberg/Grant Allen___The Woman Who Did.txt,0.018218835026844637,3.832004992256417e-06,0.03371497394125401,3.83200498850194e-06,0.11686510098683561,3.832004991992089e-06,0.018774601332970094,3.832004997161935e-06,3.832004990785727e-06,0.03149169328830976,0.047953373419830435,3.832004999619941e-06,3.83200499711449e-06,3.832004993709331e-06,0.0032037110572538225,0.05427924946945729,0.22492728969209877,0.004129381379058802,0.05037944430411893,0.39603169006201666
47,The Bickerstaff-Partridge Papers,Jonathan Swift,../data/gutenberg/Jonathan Swift___The Bickerstaff-Partridge Papers.txt,1.3721185848239365e-05,0.40246045613977827,1.3721185799133934e-05,0.02753827955273645,0.0980103103324385,0.006020503367974853,0.02544203923334091,1.3721185844745712e-05,1.3721185867333197e-05,0.010784183215767225,1.3721185841381636e-05,0.2730687996067109,1.372118579839011e-05,1.3721185809693303e-05,0.011154717758105151,0.00906964889280615,1.3721185841694589e-05,1.3721185825317984e-05,0.13631385004203603,1.3721185829572866e-05
48,"History of Friedrich II of Prussia, Volume 17",Thomas Carlyle,"../data/gutenberg/Thomas Carlyle___History of Friedrich II of Prussia, Volume 17.txt",0.027035186101183807,4.408005039399921e-06,0.00015689119078770815,0.016634662924170554,4.408005043006181e-06,4.4080050428741925e-06,0.052700294335292955,4.408005032797596e-06,4.408005037700238e-06,4.408005046578753e-06,4.408005038935658e-06,0.13069226090717814,4.408005037812501e-06,0.23497445033651734,4.4080050381801764e-06,0.014260697219885642,0.0010390551748830723,0.5224580137546525,4.408005047589758e-06,4.40800504343971e-06
49,In a Hollow of the Hills,Bret Harte,../data/gutenberg/Bret Harte___In a Hollow of the Hills.txt,4.333882391155898e-06,4.333882395973781e-06,0.29516063504860657,4.333882382750013e-06,4.3338823951007096e-06,4.333882386950636e-06,0.10971123439089459,0.01737922153139912,0.2440722287862787,4.333882383800008e-06,4.333882400523771e-06,4.3338823996633195e-06,0.15897970043389975,4.333882386806488e-06,4.333882402090951e-06,4.333882392437408e-06,4.33388239002225e-06,0.0013995506483077639,4.333882395807028e-06,0.1732410886895104
50,The Trembling of the Veil,William Butler Yeats,../data/gutenberg/William Butler Yeats___The Trembling of the Veil.txt,0.0018275718662927774,0.008741405798246471,0.0015373066299870957,0.025310622033538625,0.07503074559227758,0.0375119653946476,0.049858300812119644,2.506140100289891e-06,0.0034753318548929137,0.036795339705137035,2.5061401003767283e-06,0.004924516729061372,2.506140103415624e-06,2.5061401003045937e-06,0.001768122200663053,0.5243734067644215,0.015152095069834838,0.00288834188171457,0.019261289349154078,0.1915336137576065
51,Letters of Ulysses S. Grant,Ulysses Grant,../data/gutenberg/Ulysses Grant___Letters of Ulysses S. Grant.txt,5.499945140984812e-06,5.499945133419268e-06,0.000945131619465757,5.4999451293302075e-06,5.499945143395577e-06,5.4999451226701035e-06,5.499945112203773e-06,0.01642345038210197,5.499945128303893e-06,5.4999451268473405e-06,0.04815591350411839,0.3677589995488905,5.49994512737287e-06,0.3143798724430371,5.499945118182483e-06,0.02395562933159728,0.21517057057118155,0.013144433258058245,5.499945140483478e-06,5.499945125871621e-06
52,Dickens in Camp,Bret Harte,../data/gutenberg/Bret Harte___Dickens in Camp.txt,8.787346428799247e-05,8.787346428424212e-05,0.11534841117432605,8.787346429153725e-05,0.28716373026143993,8.787346434348493e-05,8.787346401698605e-05,8.787346420111378e-05,8.787346445753507e-05,8.787346437357711e-05,8.787346389975523e-05,8.78734640231403e-05,0.11739501199081903,8.787346425215891e-05,8.787346391148487e-05,0.47868687114678815,8.787346389812657e-05,8.787346453108793e-05,8.787346358278791e-05,8.787346427179068e-05
53,Grandfather's Chair,Nathaniel Hawthorne,../data/gutenberg/Nathaniel Hawthorne___Grandfather's Chair.txt,2.6693716936988436e-06,3.099321501045181e-06,2.669371691012203e-06,9.374676447609553e-05,0.02031130617298014,0.1938510221156236,0.20383266918436238,2.6693716850501163e-06,2.6693716886932846e-06,0.12214102528212918,2.669371692967886e-06,0.21625530968989276,0.08278206222806807,0.04372725654408832,2.6693716858851375e-06,0.036054534979693874,2.6693716920857744e-06,0.0580691543823119,0.02285745836135204,2.6693716913450144e-06
54,Aunt Jane's Nieces Abroad,Lyman Frank Baum,../data/gutenberg/Lyman Frank Baum___Aunt Jane's Nieces Abroad.txt,2.7294066870183915e-06,2.729406692424399e-06,0.07057662454677346,2.7294066929669163e-06,2.7294066875343904e-06,0.09049820405066802,0.11848178308008724,0.15167057218160626,0.060234619128632656,0.09166088427013104,0.008524976975609362,2.7294066900244204e-06,0.0121998892877947,0.0012122394286716903,2.7294066900781655e-06,2.7294066898921536e-06,0.12254938838944285,0.10429270659022082,2.729406680478774e-06,0.16807627681685153
55,A Likely Story,William Dean Howells,../data/gutenberg/William Dean Howells___A Likely Story.txt,1.7908309855555478e-05,0.27081062259668764,1.7908309819167526e-05,1.7908309832263624e-05,1.7908309938493844e-05,1.7908309760864557e-05,1.790830980274409e-05,1.7908309897152907e-05,0.28318831085700374,0.031363761426245446,1.79083098174916e-05,1.7908309771362558e-05,1.7908309807677405e-05,1.7908309841351684e-05,1.790830975295791e-05,0.14716850080321053,0.23652308560351656,1.790830989491569e-05,1.7908309787339494e-05,0.03069500237575683
56,Recollections of Europe,James Fenimore Cooper,../data/gutenberg/James Fenimore Cooper___Recollections of Europe.txt,1.3343652708772279e-06,0.24254735031319521,1.3343652728244346e-06,1.3343652747997602e-06,1.3343652707813965e-06,0.009561620714012849,0.11738834149346604,1.3343652726865425e-06,1.3343652724580164e-06,1.3343652734638643e-06,0.15353453169717923,0.06862908537063717,1.3343652745196544e-06,0.06868923963829662,0.04261713520535045,0.025067989586401163,1.3343652740605947e-06,0.2644733280972299,1.3343652684013124e-06,0.007478034231506632
57,The Adventures of Unc' Billy Possum,Thornton Waldo Burgess,../data/gutenberg/Thornton Waldo Burgess___The Adventures of Unc' Billy Possum.txt,1.1392116818428774e-05,1.1392116790379726e-05,1.1392116888881507e-05,0.3617182355374254,1.1392116776968153e-05,1.1392116801997585e-05,1.139211681840485e-05,0.06435044521668115,1.1392116925269338e-05,0.5737376532602623,1.1392116735939376e-05,1.1392116744675293e-05,1.1392116850031892e-05,1.1392116808824153e-05,1.1392116742626613e-05,1.1392116748719408e-05,1.1392116851512392e-05,1.1392116751704298e-05,1.1392116762445528e-05,1.1392116814262521e-05
58,Peter Ruff and the Double Four,Edward Phillips Oppenheim,../data/gutenberg/Edward Phillips Oppenheim___Peter Ruff and the Double Four.txt,1.4959758547990261e-06,1.4959758593458352e-06,0.07980935649603772,1.4959758562757887e-06,1.4959758495103023e-06,0.0073831997074601885,0.49448694877991506,0.00040524408163561187,0.009602404664367426,0.11943155490080516,0.002392542682004395,0.012545674504899703,1.495975856483916e-06,0.009569434383771353,1.4959758568512226e-06,1.495975858428824e-06,0.013592454629483287,1.4959758572569391e-06,1.4959758522279612e-06,0.25076772138691894
59,The Awkward Age,Henry James,../data/gutenberg/Henry James___The Awkward Age.txt,1.5420200774505132e-06,0.008232382653197052,1.5420200794213535e-06,1.542020078225254e-06,1.5420200804805908e-06,1.542020081725985e-06,1.5420200830951168e-06,1.5420200798905667e-06,1.542020082011587e-06,1.5420200810021838e-06,1.5420200825062079e-06,1.5420200826938172e-06,1.5420200829727841e-06,1.542020078588827e-06,0.010102183925148575,1.542020081301051e-06,0.20031386565889067,1.5420200799063713e-06,1.5420200784402348e-06,0.781326895441474
60,A Boy's Town,William Dean Howells,../data/gutenberg/William Dean Howells___A Boy's Town.txt,2.408245887927738e-06,0.002087526623419618,2.4082458896828326e-06,0.1815675018493717,0.028465059013830948,0.009224470917657598,2.4082458897102215e-06,0.2084934003526155,2.4082458896306156e-06,0.33166152465048415,0.006150991764053877,0.036115036323194696,0.021177654039094718,0.008478518058182685,2.4082458879034866e-06,0.09756560280633483,2.40824588922365e-06,0.02969636203569518,0.021302141295427828,0.01799976079530256
61,Burke's Speech on Conciliation with America,Edmund Burke,../data/gutenberg/Edmund Burke___Burke's Speech on Conciliation with America.txt,4.5943215285231305e-06,4.5943215303096415e-06,4.59432152901149e-06,4.594321529517634e-06,0.020188884254864623,4.594321523882352e-06,4.594321528114068e-06,4.594321505986587e-06,4.594321521180689e-06,4.594321516411109e-06,0.0641435920752867,0.8205110037680942,4.594321523679455e-06,4.594321520885306e-06,0.0001517858017337873,0.09493581927715468,4.594321527174243e-06,4.594321531235802e-06,4.594321521406187e-06,4.594321528796412e-06
62,The Protector,Harold Bindloss,../data/gutenberg/Harold Bindloss___The Protector.txt,2.2786310595681005e-06,0.028076409554737673,0.7901896211784035,0.050966364161802356,2.2786310504423137e-06,2.278631056137815e-06,2.2786310530065526e-06,2.278631054760312e-06,2.278631052524666e-06,2.2786310510434907e-06,0.02364579569025033,2.278631051935049e-06,5.303632175733995e-06,0.00015786619580417517,0.00024820364429535444,2.2786310524389025e-06,0.0851971884313197,2.278631054348828e-06,2.2786310507590125e-06,0.021488182569624065
63,The Mob,John Galsworthy,../data/gutenberg/John Galsworthy___The Mob.txt,0.11787041270431382,1.1200717100003321e-05,0.060912045321372066,0.01045868741350535,1.1200717128414807e-05,1.1200717100594654e-05,0.02138017758800323,1.1200717091123231e-05,0.44285665533662055,1.1200717121233558e-05,1.1200717098750576e-05,0.02403484267824031,1.1200717096117613e-05,0.022346232399626458,1.1200717051616552e-05,1.1200717112581833e-05,0.00024211909963684625,1.1200717088066267e-05,0.04684559663144159,0.25294122365625116
64,Castle Richmond,Anthony Trollope,../data/gutenberg/Anthony Trollope___Castle Richmond.txt,0.03711067580713171,0.0005369441377251357,0.006014666232781128,0.02509548231512606,1.0646226168500046e-06,0.0005083762414419524,0.0017916215831554193,0.0005327955003596537,0.0311371789475623,1.0646226163380403e-06,0.017151949219778483,0.008633174739202647,0.0012438116875797367,1.0646226153104561e-06,1.0646226173845018e-06,1.0646226174204794e-06,0.8432190002214857,1.0646226172473647e-06,0.026999351111244404,1.8584519725177954e-05
65,Tancred,Benjamin Disraeli,../data/gutenberg/Benjamin Disraeli___Tancred.txt,0.06025365358378245,0.11435897857687016,1.054251821865296e-06,1.0542518201680915e-06,0.008513171306361325,0.02739830054244069,0.17943094745884802,1.0542518186324955e-06,1.0542518205387156e-06,1.0542518218591413e-06,0.024556137144817,0.04945747096137187,0.06509314348901438,1.054251822996503e-06,0.009064390515136533,0.020593706193991885,0.055844294559668405,0.28482088620975005,0.060977037642557345,0.03963155630446392
66,The Duke's Children,Anthony Trollope,../data/gutenberg/Anthony Trollope___The Duke's Children.txt,0.001086019393760247,0.0004097490894872877,1.0636487667189247e-06,0.004630358297108962,1.063648766912607e-06,3.892177742789256e-05,1.0636487651436266e-06,0.002932445192540857,1.06364876653849e-06,1.0636487659650683e-06,0.00485721863226539,0.04777748480366661,0.0030556920693521096,0.0007436052519350246,1.0636487672112624e-06,0.004211320719641166,0.9290929596982472,1.0636487659475764e-06,0.0008099089435981891,0.0003468705896048118
67,The Adventure of the Bruce-Partington Plans,Sir Arthur Conan Doyle,../data/gutenberg/Sir Arthur Conan Doyle___The Adventure of the Bruce-Partington Plans.txt,1.686909616866846e-05,0.030957794125320303,0.08111323778562113,1.6869096188529564e-05,1.686909613937775e-05,1.6869096226958087e-05,0.14880398149283003,1.6869096216470603e-05,0.0766470850463176,1.6869096177524773e-05,0.026247365605589323,0.0245198449610667,1.686909616538507e-05,0.11127281042711673,0.030936810198231343,0.01062149252805692,1.6869096236261792e-05,1.6869096194680125e-05,1.686909613283421e-05,0.4587108868680032
68,The Book of Dreams and Ghosts,Andrew Lang,../data/gutenberg/Andrew Lang___The Book of Dreams and Ghosts.txt,0.04325072736531118,0.2092239546104591,0.0024552658227920527,0.04937078982566746,2.170327335568395e-06,0.005377294033678747,0.14415584251280403,1.3282701238264498e-05,0.028495729121789524,0.09634037592323558,2.1703273278670893e-06,2.170327333140865e-06,0.0017177983708605413,0.02461037764349439,0.026991821094412793,0.26615124843438775,0.09502643884519768,2.1703273343314724e-06,0.003609751257885154,0.0032006211274549063
69,Villa Rubein and Other Stories,John Galsworthy,../data/gutenberg/John Galsworthy___Villa Rubein and Other Stories.txt,0.002959054713067879,1.972853577196073e-06,0.10647791004651787,0.10786438419824608,0.0003575045501105634,1.972853585445784e-06,0.12696490566547636,1.972853584851454e-06,0.09911456113759401,0.2553322481500507,1.9728535715493005e-06,1.9728535727223733e-06,1.9728535797480915e-06,1.972853582792856e-06,1.9728535744294416e-06,1.972853582286018e-06,0.0049915056248505075,0.0021687802181306203,0.03691518366731537,0.25683620634642906
70,The Tale of Samuel Whiskers,Beatrix Potter,../data/gutenberg/Beatrix Potter___The Tale of Samuel Whiskers.txt,5.6882822163498186e-05,5.688282261798128e-05,5.6882822330557674e-05,0.026053077876537534,5.688282236761418e-05,5.688282239310801e-05,5.688282265539843e-05,0.08109529040096905,5.688282276431137e-05,0.8918846237397147,5.688282312913253e-05,5.688282315546387e-05,5.688282225710719e-05,5.688282228404732e-05,5.688282253418657e-05,5.688282256441616e-05,5.688282260194316e-05,5.688282256757922e-05,5.6882822127442264e-05,5.688282226498795e-05
71,Inn of Tranquility and Other Essays,John Galsworthy,../data/gutenberg/John Galsworthy___Inn of Tranquility and Other Essays.txt,1.0440593299331293e-05,1.0440593252074676e-05,0.11439793883761913,0.2289673501043541,0.03169196371915591,1.0440593274339163e-05,0.003579248425396546,1.0440593232167879e-05,0.008895122465698992,0.19789755712345952,0.009578890500155979,1.0440593274811236e-05,1.0440593287112552e-05,1.0440593259452782e-05,0.020117637001754198,1.0440593266487845e-05,1.0440593259309527e-05,1.0440593277215341e-05,0.09069342230210906,0.2940764635876145
